generation:1
0.03800475059382423
0.028953229398663696
0.02702702702702703
0.037037037037037035
0.04929577464788732
0.026004728132387706
0.02962962962962963
0.014354066985645933
0.016548463356973995
0.034324942791762014
0.03090507726269316
0.0425
0.052313883299798795
0.010554089709762533
0.02
0.033734939759036145
0.030162412993039442
0.03183023872679045
generation:2
0.124
0.11252268602540835
0.1448692152917505
0.1125
0.1417910447761194
0.1348747591522158
0.15587529976019185
0.11627906976744186
0.13821138211382114
0.11302681992337164
0.12424849699398798
0.11946050096339114
0.10894941634241245
0.1294820717131474
0.12375249500998003
0.12219959266802444
0.11899791231732777
0.15473441108545036
generation:3
0.012077294685990338
0.017766497461928935
0.012195121951219513
0.011876484560570071
0.013812154696132596
0.009828009828009828
0.014218009478672985
0.012594458438287154
0.016826923076923076
0.01256281407035176
0.0
0.013477088948787063
0.007317073170731708
0.008714596949891068
0.012285012285012284
0.01020408163265306
0.015555555555555555
0.022670025188916875
generation:4
0.024608501118568233
0.030973451327433628
0.013574660633484163
0.017316017316017316
0.02288329519450801
0.028824833702882482
0.020454545454545454
0.02702702702702703
0.022675736961451247
0.020151133501259445
0.02109704641350211
0.004901960784313725
0.02546296296296296
0.014388489208633094
0.027253668763102725
0.0213903743315508
0.022026431718061675
0.023696682464454975
generation:5
0.11306042884990253
0.124
0.0970873786407767
0.10305343511450382
0.13856812933025403
0.1391304347826087
0.11149825783972125
0.11731843575418995
0.1278825995807128
0.11198428290766209
0.09541284403669725
0.10603290676416818
0.09780439121756487
0.11554621848739496
0.14084507042253522
0.11205073995771671
0.12307692307692308
0.1317365269461078
generation:6
0.03614457831325301
0.02102803738317757
0.028639618138424822
0.019851116625310174
0.03350515463917526
0.02506265664160401
0.018957345971563982
0.023980815347721823
0.004866180048661801
0.014814814814814815
0.03879310344827586
0.021834061135371178
0.030379746835443037
0.032036613272311214
0.029017857142857144
0.01808785529715762
0.025806451612903226
0.024752475247524754
generation:7
0.01182033096926714
0.005076142131979695
0.0044943820224719105
0.009779951100244499
0.007712082262210797
0.007246376811594203
0.00663716814159292
0.006993006993006993
0.010582010582010581
0.0047169811320754715
0.0045351473922902496
0.00954653937947494
0.006329113924050633
0.002288329519450801
0.0
0.0047169811320754715
0.0070921985815602835
0.0049382716049382715
generation:8
0.0048543689320388345
0.004975124378109453
0.004705882352941176
0.0024691358024691358
0.002531645569620253
0.0
0.013921113689095127
0.007246376811594203
0.0047169811320754715
0.0
0.0
0.005277044854881266
0.0026109660574412533
0.0024449877750611247
0.002583979328165375
0.004618937644341801
0.002421307506053269
0.007712082262210797
generation:9
0.10367170626349892
0.10899653979238755
0.11900191938579655
0.09423076923076923
0.09795918367346938
0.1073943661971831
0.1079429735234216
0.12139917695473251
0.11850311850311851
0.12749003984063745
0.12037037037037036
0.11790393013100436
0.13025210084033614
0.1323529411764706
0.09534883720930233
0.13859275053304904
0.10760667903525047
0.09393346379647749
generation:10
0.15074309978768577
0.15367965367965367
0.1360824742268041
0.13016528925619836
0.15604395604395604
0.18854415274463007
0.13438735177865613
0.16143497757847533
0.13704496788008566
0.12151394422310757
0.13704496788008566
0.15271966527196654
0.13443830570902393
0.13911290322580644
0.1585081585081585
0.1341222879684418
0.14505494505494507
0.1572052401746725
generation:11
0.016494845360824743
0.006772009029345372
0.015345268542199489
0.014018691588785047
0.0175054704595186
0.011061946902654867
0.004608294930875576
0.013953488372093023
0.01263157894736842
0.013392857142857142
0.02050113895216401
0.03189066059225513
0.024886877828054297
0.013186813186813187
0.021844660194174758
0.017114914425427872
0.007263922518159807
0.01182033096926714
generation:12
0.1542056074766355
0.13438735177865613
0.16397228637413394
0.14347826086956522
0.14645308924485126
0.16
0.13725490196078433
0.13025210084033614
0.11650485436893204
0.10363636363636364
0.14855875831485588
0.14479638009049775
0.1670235546038544
0.1543778801843318
0.16930022573363432
0.15330188679245282
0.14953271028037382
0.11777301927194861
generation:13
0.0
0.0
0.0
0.0025
0.0
0.0024390243902439024
0.0
0.0
0.0026246719160104987
0.002531645569620253
0.0024509803921568627
0.002824858757062147
0.0
0.0024752475247524753
0.002577319587628866
0.002570694087403599
0.0
0.00228310502283105
generation:14
0.09325396825396826
0.1095890410958904
0.12416851441241686
0.1087866108786611
0.10408163265306122
0.08955223880597014
0.10841121495327102
0.09225092250922509
0.08237547892720307
0.10105263157894737
0.09719626168224299
0.09157509157509157
0.12447257383966245
0.10323886639676114
0.11258278145695365
0.08847736625514403
0.1
0.10961538461538461
generation:15
0.004962779156327543
0.007281553398058253
0.005
0.0
0.005128205128205128
0.010230179028132993
0.010582010582010581
0.002531645569620253
0.0026595744680851063
0.007874015748031496
0.0026954177897574125
0.007792207792207792
0.0024813895781637717
0.005154639175257732
0.005633802816901409
0.0026954177897574125
0.013227513227513227
0.004750593824228029
generation:16
0.002421307506053269
0.005277044854881266
0.0028328611898017
0.010666666666666666
0.0025
0.01405152224824356
0.0078125
0.01240694789081886
0.0024752475247524753
0.009708737864077669
0.004914004914004914
0.0024390243902439024
0.0026666666666666666
0.005333333333333333
0.0
0.007894736842105263
0.004750593824228029
0.007125890736342043
generation:17
0.002793296089385475
0.0056022408963585435
0.005221932114882507
0.002403846153846154
0.00847457627118644
0.002898550724637681
0.007177033492822967
0.0024449877750611247
0.00516795865633075
0.005221932114882507
0.0026041666666666665
0.007194244604316547
0.0025188916876574307
0.005037783375314861
0.0026595744680851063
0.005012531328320802
0.0
0.005555555555555556
generation:18
0.0
0.0
0.002702702702702703
0.002544529262086514
0.0049504950495049506
0.0
0.005277044854881266
0.0025252525252525255
0.0
0.0
0.0
0.0
0.002570694087403599
0.0
0.002652519893899204
0.0
0.002577319587628866
0.0
generation:19
0.0
0.0
0.0
0.0
0.0024390243902439024
0.0026109660574412533
0.0
0.0
0.002544529262086514
0.002531645569620253
0.0
0.0
0.0
0.0027624309392265192
0.0
0.002583979328165375
0.0028011204481792717
0.002512562814070352
generation:20
0.07641921397379912
0.06181015452538632
0.06540084388185655
0.07926829268292683
0.07249466950959488
0.0658682634730539
0.08253358925143954
0.05010438413361169
0.08237547892720307
0.08070866141732283
0.08035714285714286
0.04878048780487805
0.05904059040590406
0.07636363636363637
0.08806262230919765
0.07741935483870968
0.07114624505928854
0.07017543859649122
generation:21
0.056016597510373446
0.07446808510638298
0.0648854961832061
0.0457516339869281
0.0824524312896406
0.05758157389635317
0.07172131147540983
0.053763440860215055
0.07974137931034483
0.0640176600441501
0.053418803418803416
0.05668934240362812
0.0640495867768595
0.08333333333333333
0.07128712871287128
0.04241071428571429
0.05219206680584551
0.06227106227106227
generation:22
0.13052208835341367
0.1233140655105973
0.14822546972860126
0.14225053078556263
0.12653061224489795
0.14432989690721648
0.1608695652173913
0.11940298507462686
0.12639405204460966
0.14855875831485588
0.16129032258064516
0.11283185840707964
0.13752913752913754
0.11065573770491803
0.1346578366445916
0.10479573712255773
0.13524590163934427
0.11648745519713262
generation:23
0.0051813471502590676
0.0
0.011467889908256881
0.0022271714922048997
0.004545454545454545
0.0
0.009876543209876543
0.00683371298405467
0.018433179723502304
0.0022471910112359553
0.010101010101010102
0.0045871559633027525
0.002398081534772182
0.006802721088435374
0.007444168734491315
0.005277044854881266
0.0
0.004672897196261682
generation:24
0.13111545988258316
0.10877862595419847
0.1475054229934924
0.15010141987829614
0.16919739696312364
0.13070539419087138
0.12790697674418605
0.16473317865429235
0.1378026070763501
0.11904761904761904
0.14065934065934066
0.13218390804597702
0.14137214137214138
0.15418502202643172
0.14519427402862986
0.13646532438478748
0.1237721021611002
0.13663366336633664
generation:25
0.0026455026455026454
0.0024875621890547263
0.007371007371007371
0.006993006993006993
0.0024154589371980675
0.006993006993006993
0.002197802197802198
0.007371007371007371
0.0024813895781637717
0.0
0.005
0.0
0.0
0.006756756756756757
0.005063291139240506
0.007371007371007371
0.004819277108433735
0.002183406113537118
generation:26
0.0025188916876574307
0.0
0.01366742596810934
0.0
0.002702702702702703
0.0
0.0
0.005263157894736842
0.0024630541871921183
0.002531645569620253
0.0049261083743842365
0.0
0.00477326968973747
0.002688172043010753
0.002336448598130841
0.0
0.005305039787798408
0.0
generation:27
0.006593406593406593
0.0024096385542168677
0.005089058524173028
0.0023584905660377358
0.0049261083743842365
0.01038961038961039
0.0024630541871921183
0.0
0.01240694789081886
0.0
0.0
0.0025252525252525255
0.004728132387706856
0.0024154589371980675
0.0024096385542168677
0.004761904761904762
0.009280742459396751
0.004807692307692308
generation:28
0.0625
0.05040322580645161
0.049783549783549784
0.09641873278236915
0.06924643584521385
0.0594059405940594
0.06569343065693431
0.030501089324618737
0.057777777777777775
0.07158351409978309
0.06436781609195402
0.06813627254509018
0.06313645621181263
0.05112474437627812
0.05970149253731343
0.04411764705882353
0.05389221556886228
0.06651376146788991
generation:29
0.08779443254817987
0.09503239740820735
0.08687943262411348
0.09939148073022312
0.10056925996204934
0.08992805755395683
0.0897887323943662
0.07933194154488518
0.09695817490494296
0.08070866141732283
0.08134920634920635
0.08703703703703704
0.09030837004405286
0.07156673114119923
0.06839186691312385
0.09550561797752809
0.0963855421686747
0.07128309572301425
generation:30
0.1511879049676026
0.13636363636363635
0.14285714285714285
0.12909441233140656
0.12871287128712872
0.1655328798185941
0.1568627450980392
0.15654205607476634
0.1761904761904762
0.139186295503212
0.12075471698113208
0.15056179775280898
0.16591928251121077
0.15280898876404495
0.152317880794702
0.13429752066115702
0.15584415584415584
0.1678832116788321
generation:31
0.10940919037199125
0.09019607843137255
0.11065573770491803
0.08879492600422834
0.07665505226480836
0.10392609699769054
0.07636363636363637
0.09650924024640657
0.07777777777777778
0.09486166007905138
0.07936507936507936
0.08203125
0.07039337474120083
0.07905982905982906
0.10262008733624454
0.07908611599297012
0.0888468809073724
0.09070796460176991
generation:32
0.12967032967032968
0.12922465208747516
0.1658878504672897
0.13851992409867173
0.13883299798792756
0.14343434343434344
0.12448979591836734
0.1476510067114094
0.1337719298245614
0.12612612612612611
0.14135021097046413
0.13333333333333333
0.1607565011820331
0.14782608695652175
0.15157894736842106
0.11669658886894076
0.1590909090909091
0.12842105263157894
generation:33
0.0
0.0
0.0
0.005479452054794521
0.0026954177897574125
0.0
0.002564102564102564
0.0
0.0
0.005449591280653951
0.0
0.002617801047120419
0.0
0.002551020408163265
0.0
0.0
0.0027624309392265192
0.004728132387706856
generation:34
0.04835164835164835
0.05060728744939271
0.060041407867494824
0.04157549234135667
0.038929440389294405
0.048672566371681415
0.045
0.0364963503649635
0.05150214592274678
0.036608863198458574
0.04194260485651214
0.036637931034482756
0.04275534441805225
0.028985507246376812
0.05092592592592592
0.034482758620689655
0.026726057906458798
0.04121475054229935
generation:35
0.0
0.0
0.0051813471502590676
0.0
0.0
0.0024271844660194173
0.00228310502283105
0.0
0.0024937655860349127
0.0
0.002506265664160401
0.0026109660574412533
0.0024449877750611247
0.004694835680751174
0.0027247956403269754
0.0026595744680851063
0.004901960784313725
0.0024509803921568627
generation:36
0.0
0.0
0.0
0.0
0.0
0.0
0.0
0.0
0.0
0.0
0.0
0.0
0.0
0.0
0.0
0.0
0.0
0.0
generation:37
0.0
0.0
0.0
0.0026954177897574125
0.0
0.0
0.002770083102493075
0.003115264797507788
0.0
0.0025974025974025974
0.0
0.0
0.0
0.0
0.0024937655860349127
0.0
0.0
0.0027624309392265192
generation:38
0.0
0.0
0.0
0.0
0.0
0.0
0.0
0.0
0.0
0.0
0.002631578947368421
0.0
0.0
0.0
0.0
0.0
0.0
0.0
generation:39
0.007125890736342043
0.012135922330097087
0.009433962264150943
0.0022624434389140274
0.012376237623762377
0.011363636363636364
0.013986013986013986
0.004784688995215311
0.00954653937947494
0.005291005291005291
0.01278772378516624
0.014527845036319613
0.009111617312072893
0.016304347826086956
0.0026455026455026454
0.0022522522522522522
0.006550218340611353
0.01256281407035176
