generation:1
hidden_0_weights
-1.7395896235313897
0.5491087820026274
-0.6574779431194517
-0.2723526644893459
-1.0905754657757192
hidden_1_weights
-1.7395896235313897
-0.6574779431194517
-1.0905754657757192
0.8246049782174871
-0.15942894958616338
hidden_2_weights
-1.7395896235313897
-0.2723526644893459
0.8246049782174871
-1.7394344417390053
-1.8365619656840941
output_weights
-1.6584708778974229
0.2805865108260085
1.687399771839393
1.8636616783508364
generation:2
hidden_0_weights
-1.7395896235313897
0.5491087820026274
-0.6574779431194517
-0.2723526644893459
-1.0905754657757192
hidden_1_weights
-1.7395896235313897
-0.6574779431194517
-1.0905754657757192
0.8246049782174871
-0.15942894958616338
hidden_2_weights
-1.7395896235313897
-0.2723526644893459
0.8246049782174871
-1.7394344417390053
-1.8365619656840941
output_weights
-1.6584708778974229
0.2805865108260085
1.687399771839393
1.8636616783508364
generation:3
hidden_0_weights
-0.24858072756269256
1.0101090600444518
-1.4264718904895564
-1.819409825378845
-1.9851978580838485
hidden_1_weights
-0.24858072756269256
-1.4264718904895564
-1.9851978580838485
1.1174481812936055
-1.8309273813753184
hidden_2_weights
-0.24858072756269256
-1.819409825378845
1.1174481812936055
-1.548245627714179
1.9713987567793736
output_weights
-0.26785650793923743
1.2200566238643644
1.696980122162226
0.5908478525853799
generation:4
hidden_0_weights
-1.1687167999759396
1.57002517072716
-1.7359914171131257
-1.9531359935764308
-0.30684643474504714
hidden_1_weights
-1.1687167999759396
-1.7359914171131257
-0.30684643474504714
1.0296943030982773
-0.5717969296871293
hidden_2_weights
-1.1687167999759396
-1.9531359935764308
1.0296943030982773
-1.2206251451356613
1.540466320752189
output_weights
-1.5464391412344058
1.7593832322684464
1.2084679901472706
1.742984216156911
generation:5
hidden_0_weights
-1.6177818765806846
1.7170474367336155
-1.4215606284107167
-1.819409825378845
-1.9851978580838485
hidden_1_weights
-1.6177818765806846
-1.4215606284107167
-1.9851978580838485
1.8575297961034751
-1.8309273813753184
hidden_2_weights
-1.6177818765806846
-1.819409825378845
1.8575297961034751
-1.9766691884394114
-0.9158527514764911
output_weights
-1.326881444590454
0.705948167100213
1.9708935796069285
1.4411208137058515
generation:6
hidden_0_weights
-0.7068389091633192
1.3333609860620248
-1.0183242970168083
-1.4496467100692292
1.2661824865732798
hidden_1_weights
-0.7068389091633192
-1.0183242970168083
1.2661824865732798
0.6122655073529143
-1.0696415529923078
hidden_2_weights
-0.7068389091633192
-1.4496467100692292
0.6122655073529143
-1.1921327472884706
1.7053581230196262
output_weights
-1.6504950491675308
0.8842013571202367
0.6568875653695433
1.7929630542475339
generation:7
hidden_0_weights
-0.7159238975238066
1.3844973497849056
-0.8108001819334945
-1.3873842064286026
-1.9851978580838485
hidden_1_weights
-0.7159238975238066
-0.8108001819334945
-1.9851978580838485
0.2161370925830588
-0.9596805265969965
hidden_2_weights
-0.7159238975238066
-1.3873842064286026
0.2161370925830588
-0.8673627535515744
1.0841472485235089
output_weights
-1.326881444590454
0.8787059624031641
0.10824147100906689
1.4411208137058515
generation:8
hidden_0_weights
0.19488195400433594
1.2455024473629297
-0.5393610050526352
-1.1557594893175915
-0.490134249567429
hidden_1_weights
0.19488195400433594
-0.5393610050526352
-0.490134249567429
-0.5351517622328164
-0.5677588267528422
hidden_2_weights
0.19488195400433594
-1.1557594893175915
-0.5351517622328164
-0.5068118997503143
1.0841472485235089
output_weights
-1.7887566078599992
1.016278848120071
-0.592194983641504
1.9924918586881368
generation:9
hidden_0_weights
0.5043310388332664
1.375265521460458
-0.18316796815208558
-0.7800540817203003
-0.8582024424633174
hidden_1_weights
0.5043310388332664
-0.18316796815208558
-0.8582024424633174
-0.7002174131903942
-1.7746694707029762
hidden_2_weights
0.5043310388332664
-0.7800540817203003
-0.7002174131903942
0.3492114387277854
1.0746112247320538
output_weights
-1.563223797451062
1.8314201537344927
-1.811601209674305
1.742984216156911
generation:10
hidden_0_weights
-0.4935938531412728
1.7224954517805162
-1.2405589460399176
-1.4601630344758991
-1.9563185592744767
hidden_1_weights
-0.4935938531412728
-1.2405589460399176
-1.9563185592744767
0.9157187773956188
-1.5954029709992823
hidden_2_weights
-0.4935938531412728
-1.4601630344758991
0.9157187773956188
-1.2398762389524354
1.8944463331016355
output_weights
-0.940041370818353
0.6166623232843137
-0.5614706196461186
1.2668542471104172
generation:11
hidden_0_weights
-0.1031353520654848
1.7045138553358734
-1.2114484375607026
-1.3120937010317744
-1.2492133232723048
hidden_1_weights
-0.1031353520654848
-1.2114484375607026
-1.2492133232723048
0.9805869677936443
-1.0167711106207389
hidden_2_weights
-0.1031353520654848
-1.3120937010317744
0.9805869677936443
-0.10000835180336026
0.1863217896588032
output_weights
-1.3180519843756635
0.618480032494325
0.8174615082205725
1.469704279295169
generation:12
hidden_0_weights
-0.1031353520654848
1.7045138553358734
-1.2114484375607026
-1.3120937010317744
-1.2492133232723048
hidden_1_weights
-0.1031353520654848
-1.2114484375607026
-1.2492133232723048
0.9805869677936443
-1.0167711106207389
hidden_2_weights
-0.1031353520654848
-1.3120937010317744
0.9805869677936443
-0.10000835180336026
0.1863217896588032
output_weights
-1.3180519843756635
0.618480032494325
0.8174615082205725
1.469704279295169
generation:13
hidden_0_weights
-0.4359756542628386
1.495744151283551
-1.5984510574571682
-1.0545072416119106
-1.9368413575329229
hidden_1_weights
-0.4359756542628386
-1.5984510574571682
-1.9368413575329229
1.35623863205883
-0.7961845945136594
hidden_2_weights
-0.4359756542628386
-1.0545072416119106
1.35623863205883
-1.0150452460832646
1.3879026158585857
output_weights
-1.1375839914769081
0.31571942132422187
1.757850494388078
1.3380902220669875
generation:14
hidden_0_weights
-0.41038659455754734
1.8878289673579525
-1.3839329075273676
-1.1736448711893348
-0.5243043792032345
hidden_1_weights
-0.41038659455754734
-1.3839329075273676
-0.5243043792032345
1.049221164127298
-0.8710237025219116
hidden_2_weights
-0.41038659455754734
-1.1736448711893348
1.049221164127298
-0.47401296396834824
0.7638589531558667
output_weights
-1.418921420905271
0.6065634376118938
1.462277836966319
1.5554555249285509
generation:15
hidden_0_weights
-0.5778142742708143
1.7760990042418234
-0.4163551062394202
-1.4164471113219372
-0.5408989652415817
hidden_1_weights
-0.5778142742708143
-0.4163551062394202
-0.5408989652415817
0.8651938784171815
-1.0125436353331474
hidden_2_weights
-0.5778142742708143
-1.4164471113219372
0.8651938784171815
-0.20552914238955333
0.2648084065957572
output_weights
-1.073565433920514
0.5640396003491271
0.6023538467103406
1.2492136890191434
generation:16
hidden_0_weights
-0.5717493734958123
1.9606908407244599
-1.3089049507173967
-1.1302707590390522
-0.6383550556939129
hidden_1_weights
-0.5717493734958123
-1.3089049507173967
-0.6383550556939129
-0.21942521301117657
-0.5692548121186144
hidden_2_weights
-0.5717493734958123
-1.1302707590390522
-0.21942521301117657
-0.987416286011213
0.8941213757653774
output_weights
-1.3674912186889998
0.4876669608331392
1.2139368910469441
1.5692717255252622
generation:17
hidden_0_weights
-0.3679105208862593
1.9606908407244599
-0.9722340681000383
-1.2859143653561291
-0.7403999628737306
hidden_1_weights
-0.3679105208862593
-0.9722340681000383
-0.7403999628737306
-0.35342645000826767
-0.6445698847667649
hidden_2_weights
-0.3679105208862593
-1.2859143653561291
-0.35342645000826767
-0.689111565216054
1.0908902613330642
output_weights
-1.5463268132610208
0.45792469596673385
0.338034011107875
1.7142905858821649
generation:18
hidden_0_weights
0.2039863203678801
1.4878149455396315
-0.5151988385915997
-0.92641581899058
-0.7078878001805016
hidden_1_weights
0.2039863203678801
-0.5151988385915997
-0.7078878001805016
-1.4436911051797279
-1.3206556909430271
hidden_2_weights
0.2039863203678801
-0.92641581899058
-1.4436911051797279
-1.1709426905908662
1.5041307643292647
output_weights
-1.7623381224797683
1.2242526409156729
-1.3789847291996482
1.9193888149742946
generation:19
hidden_0_weights
0.35973236406553044
1.7368661395363845
-0.5694958477352601
-0.9629935610024418
-0.9563247565120212
hidden_1_weights
0.35973236406553044
-0.5694958477352601
-0.9563247565120212
-1.2125628678131635
-1.3996582202652437
hidden_2_weights
0.35973236406553044
-0.9629935610024418
-1.2125628678131635
-1.0167078298939671
1.564056078120879
output_weights
-1.8523281256785356
1.1567152948193753
-0.35507304654345684
1.9812550859459512
generation:20
hidden_0_weights
0.5888569230160101
0.7983529493753436
-0.32870665276403477
-0.7295157929127805
-0.7714971732919073
hidden_1_weights
0.5888569230160101
-0.32870665276403477
-0.7714971732919073
1.99016026650505
-1.7683724665341192
hidden_2_weights
0.5888569230160101
-0.7295157929127805
1.99016026650505
1.9438940045320747
1.4118499626089043
output_weights
-1.3502546748526323
1.9884954698263155
-1.4257693894334507
1.6887731879130872
generation:21
hidden_0_weights
0.6822027184284587
1.388019822409438
-0.10472478992000539
-0.7021103815065881
-0.5920921315952841
hidden_1_weights
0.6822027184284587
-0.10472478992000539
-0.5920921315952841
-1.1788269896747834
-1.8138768002306607
hidden_2_weights
0.6822027184284587
-0.7021103815065881
-1.1788269896747834
-1.2301466417281388
1.5678203791115162
output_weights
-1.8096281977539677
1.9194605499261814
-1.4504782634130255
1.9568598982081342
generation:22
hidden_0_weights
0.22214387315666068
1.2704279364029436
-0.24595443497030983
-0.746945649131254
-0.4511935926968397
hidden_1_weights
0.22214387315666068
-0.24595443497030983
-0.4511935926968397
0.4950357231133393
-1.5213207521113163
hidden_2_weights
0.22214387315666068
-0.746945649131254
0.4950357231133393
-1.4484313982028283
1.4053136680053333
output_weights
-1.7374350116161357
1.9673708105933732
-1.4853581028800618
1.9230497913667859
generation:23
hidden_0_weights
-0.6692410564185264
1.5916332239807005
-1.3525331936397598
-1.3631267745856661
-1.8458178663512683
hidden_1_weights
-0.6692410564185264
-1.3525331936397598
-1.8458178663512683
1.440365066442576
-1.4365246733393013
hidden_2_weights
-0.6692410564185264
-1.3631267745856661
1.440365066442576
-1.0739437528968823
1.3136517711623337
output_weights
-1.031674363271035
0.520601787408115
-0.595780716800412
1.2478282723310656
generation:24
hidden_0_weights
-0.9562378286578289
1.7492420184416126
-1.598402088653277
-1.9094675217955088
-0.7614393143744693
hidden_1_weights
-0.9562378286578289
-1.598402088653277
-0.7614393143744693
0.9852744546962335
-1.119799788742138
hidden_2_weights
-0.9562378286578289
-1.9094675217955088
0.9852744546962335
-1.5876245702931466
1.6960124461738773
output_weights
-1.226476529463382
1.6481346393142453
-0.6362926971589249
1.5012745717776321
generation:25
hidden_0_weights
-1.5111807344231087
1.6854103611492417
-0.30173731979598095
-1.9987176305837684
-1.0820574321729364
hidden_1_weights
-1.5111807344231087
-0.30173731979598095
-1.0820574321729364
0.6497846989569424
0.26201684216938737
hidden_2_weights
-1.5111807344231087
-1.9987176305837684
0.6497846989569424
-0.37048303242081726
1.6489742528594769
output_weights
-1.1154546435243389
1.3343540839494312
-0.5706119685112807
1.2593505818466868
generation:26
hidden_0_weights
-1.5111807344231087
1.6854103611492417
-0.30173731979598095
-1.9987176305837684
-1.0820574321729364
hidden_1_weights
-1.5111807344231087
-0.30173731979598095
-1.0820574321729364
0.6497846989569424
0.26201684216938737
hidden_2_weights
-1.5111807344231087
-1.9987176305837684
0.6497846989569424
-0.37048303242081726
1.6489742528594769
output_weights
-1.1154546435243389
1.3343540839494312
-0.5706119685112807
1.2593505818466868
generation:27
hidden_0_weights
0.35315048986571096
1.4293108182238734
-0.28484259050028315
-0.9295958541292485
-0.7320376372035718
hidden_1_weights
0.35315048986571096
-0.28484259050028315
-0.7320376372035718
-1.1546490627247874
-1.4413792555578193
hidden_2_weights
0.35315048986571096
-0.9295958541292485
-1.1546490627247874
-0.9423613584500541
1.6409532611186481
output_weights
-1.6225904304518488
1.7981419469556816
-1.3500252706306872
1.7715680390403352
generation:28
hidden_0_weights
0.32802000890206173
1.6497997159813846
-1.1380960880544615
-0.9971667764437114
0.5640419939373001
hidden_1_weights
0.32802000890206173
-1.1380960880544615
0.5640419939373001
1.3950485522062444
-1.4099476807240605
hidden_2_weights
0.32802000890206173
-0.9971667764437114
1.3950485522062444
-1.452456390857976
1.1415510921941918
output_weights
-1.652830989241826
0.46346317473322474
-1.9896445821687505
1.8107982188332776
generation:29
hidden_0_weights
1.233542298079255
1.7816930601186367
-1.1380960880544615
-1.088097542559117
0.4766919576410221
hidden_1_weights
1.233542298079255
-1.1380960880544615
0.4766919576410221
-0.6049514477937556
-1.3185814621932226
hidden_2_weights
1.233542298079255
-1.088097542559117
-0.6049514477937556
-1.452456390857976
1.9070248122183246
output_weights
-1.652830989241826
0.46346317473322474
-1.9896445821687505
1.8107982188332776
generation:30
hidden_0_weights
-1.2728013293510347
1.829401869869848
-1.466943268622004
-1.8859787263252505
-0.8001242220261188
hidden_1_weights
-1.2728013293510347
-1.466943268622004
-0.8001242220261188
1.200049645522506
-0.7940951860969161
hidden_2_weights
-1.2728013293510347
-1.8859787263252505
1.200049645522506
-0.5080546490267868
1.3912922120612983
output_weights
-1.2451592673974932
0.6264368457134242
-0.4855134238788215
1.3823986896815235
generation:31
hidden_0_weights
-0.5679378756719701
1.8322611395616955
-1.1068388783374208
-1.7239116710584406
-0.26171852430305287
hidden_1_weights
-0.5679378756719701
-1.1068388783374208
-0.26171852430305287
1.1897416468695006
-0.7636372623677844
hidden_2_weights
-0.5679378756719701
-1.7239116710584406
1.1897416468695006
-1.4399544845287804
1.6259880324451885
output_weights
-1.3957302837856445
0.9079259972608852
-0.5081705512722292
1.5675354909474435
generation:32
hidden_0_weights
-0.9805738317782398
1.2420353608638561
-0.8497473981410437
-1.0596490914525245
-0.14169149832154204
hidden_1_weights
-0.9805738317782398
-0.8497473981410437
-0.14169149832154204
0.8625589407535152
-0.8683511064351227
hidden_2_weights
-0.9805738317782398
-1.0596490914525245
0.8625589407535152
-0.39372444544529484
1.3660549465653307
output_weights
-1.3340743768877992
1.0772896168387602
0.7180993310903498
1.460523923753466
generation:33
hidden_0_weights
0.8025273047325914
1.4991216111959735
-0.3912803894725565
-0.780033756398489
0.1477092318754728
hidden_1_weights
0.8025273047325914
-0.3912803894725565
0.1477092318754728
-0.6776333536160887
-1.289070760434659
hidden_2_weights
0.8025273047325914
-0.780033756398489
-0.6776333536160887
-1.1041829072786258
1.7760068562796332
output_weights
-1.628462219754044
0.9288712662001133
-1.9896445821687505
1.781922400490303
generation:34
hidden_0_weights
-1.1974726952674086
1.2040789364120568
-0.31447266525828
-1.7902949978574316
-0.3277118634638774
hidden_1_weights
-1.1974726952674086
-0.31447266525828
-0.3277118634638774
0.4952846101539813
-1.380670625982126
hidden_2_weights
-1.1974726952674086
-1.7902949978574316
0.4952846101539813
-1.119001283776019
1.5609166387355102
output_weights
-1.7064909386791267
1.8195250709638158
-1.9896445821687505
1.8713623100647068
generation:35
hidden_0_weights
-1.3553841301709564
1.2327673620751758
-0.9504707320268322
-1.6635480634577098
-0.3687481020634354
hidden_1_weights
-1.3553841301709564
-0.9504707320268322
-0.3687481020634354
0.3998949304642725
-0.8535617723496969
hidden_2_weights
-1.3553841301709564
-1.6635480634577098
0.3998949304642725
-0.38363396093627183
1.8934959693925055
output_weights
-1.4836622654384957
1.9285758343175339
1.3371136082899857
1.8001823806281818
generation:36
hidden_0_weights
-0.20989141968968966
1.4866100258371897
-0.7396258144489445
-1.2506946690313492
0.7697852437672819
hidden_1_weights
-0.20989141968968966
-0.7396258144489445
0.7697852437672819
0.29815797865652505
-0.24118116186967387
hidden_2_weights
-0.20989141968968966
-1.2506946690313492
0.29815797865652505
-1.104748542110317
1.2585881991033805
output_weights
-1.5626293199511225
0.6802302985395803
-1.3737932880920418
1.8109283577723674
generation:37
hidden_0_weights
-0.20989141968968966
1.4866100258371897
-0.7396258144489445
-1.2506946690313492
0.7697852437672819
hidden_1_weights
-0.20989141968968966
-0.7396258144489445
0.7697852437672819
0.29815797865652505
-0.24118116186967387
hidden_2_weights
-0.20989141968968966
-1.2506946690313492
0.29815797865652505
-1.104748542110317
1.2585881991033805
output_weights
-1.5626293199511225
0.6802302985395803
-1.3737932880920418
1.8109283577723674
generation:38
hidden_0_weights
0.3710752565216937
0.9319574519818445
-0.4558817412761039
-0.5041121083813453
0.6068597741489211
hidden_1_weights
0.3710752565216937
-0.4558817412761039
0.6068597741489211
1.4003675952970072
-1.8951857878304086
hidden_2_weights
0.3710752565216937
-0.5041121083813453
1.4003675952970072
1.2822451737255731
1.4060128188500376
output_weights
-1.547576187102981
1.0118152915366245
-0.6916945401389152
1.7102450473950295
generation:39
hidden_0_weights
-0.30443672803993316
1.9050871783451357
-1.2963533378125558
-1.445052320836571
-0.19026323738559492
hidden_1_weights
-0.30443672803993316
-1.2963533378125558
-0.19026323738559492
0.41543977098265295
0.38831369719280306
hidden_2_weights
-0.30443672803993316
-1.445052320836571
0.41543977098265295
-1.1478135391314526
1.669795376873971
output_weights
-1.2128839933124818
0.570536017033851
-0.21285266087934573
1.3801530257990895
generation:40
hidden_0_weights
-0.30443672803993316
1.9050871783451357
-1.2963533378125558
-1.445052320836571
-0.19026323738559492
hidden_1_weights
-0.30443672803993316
-1.2963533378125558
-0.19026323738559492
0.41543977098265295
0.38831369719280306
hidden_2_weights
-0.30443672803993316
-1.445052320836571
0.41543977098265295
-1.1478135391314526
1.669795376873971
output_weights
-1.2128839933124818
0.570536017033851
-0.21285266087934573
1.3801530257990895
generation:41
hidden_0_weights
-0.13419429256969134
1.936020573903461
-1.3236890545985533
-1.3445378247306863
-0.16291289900469988
hidden_1_weights
-0.13419429256969134
-1.3236890545985533
-0.16291289900469988
0.23377386062860853
0.5814584478596598
hidden_2_weights
-0.13419429256969134
-1.3445378247306863
0.23377386062860853
-1.165394866271461
1.6969117509367968
output_weights
-1.1859574442116783
0.48324310462133324
0.34507604900925154
1.3377632848704601
generation:42
hidden_0_weights
-0.34438261320444974
1.9716695838188323
-1.3280873723113302
-1.3719550267756073
-0.323002026263432
hidden_1_weights
-0.34438261320444974
-1.3280873723113302
-0.323002026263432
0.2506519955704958
0.666397965291743
hidden_2_weights
-0.34438261320444974
-1.3719550267756073
0.2506519955704958
-1.191050412466719
1.7171603466560508
output_weights
-1.1709714782935052
0.5212317929152162
0.2490071784575744
1.3296351647617977
generation:43
hidden_0_weights
0.27238433302749687
1.9716695838188323
-1.2247512575398487
-1.3483670160212498
-0.3138563823891483
hidden_1_weights
0.27238433302749687
-1.2247512575398487
-0.3138563823891483
0.3012342471315722
1.4113532892378267
hidden_2_weights
0.27238433302749687
-1.3483670160212498
0.3012342471315722
-1.3792712050436444
1.7039779818508265
output_weights
-1.0942583074691352
0.45642890554797433
0.3189773797380497
1.445397762659822
generation:44
hidden_0_weights
-0.6557225246205802
1.6862703839139188
-0.94150204781468
-1.2949662046513708
-0.14919851784021404
hidden_1_weights
-0.6557225246205802
-0.94150204781468
-0.14919851784021404
0.46600490774242553
-0.5879422240138303
hidden_2_weights
-0.6557225246205802
-1.2949662046513708
0.46600490774242553
-1.2855346200336926
1.6494920083336988
output_weights
-1.3111386117243193
0.5608118321390178
0.7335794591798295
1.4998924506918871
generation:45
hidden_0_weights
-1.7678951550466009
1.1136795523863254
-0.2755748844070973
-1.4512324124369045
-0.7125076948868767
hidden_1_weights
-1.7678951550466009
-0.2755748844070973
-0.7125076948868767
-0.8919372523258446
-0.9934671439414005
hidden_2_weights
-1.7678951550466009
-1.4512324124369045
-0.8919372523258446
-1.2387458526914092
1.4426708368704064
output_weights
-1.7440451800864405
1.5893336272399485
-0.9078988489751428
1.9154205983523411
generation:46
hidden_0_weights
-0.8889812903168353
1.6742178157090644
-1.0385692963806077
-1.5308693910129825
-0.5454874139595854
hidden_1_weights
-0.8889812903168353
-1.0385692963806077
-0.5454874139595854
0.43944881407761727
-0.6029536358787677
hidden_2_weights
-0.8889812903168353
-1.5308693910129825
0.43944881407761727
-1.4789252175526972
1.3703569815386063
output_weights
-1.382603560392948
0.12527294734696998
-0.46647763493642397
1.544685589322018
generation:47
hidden_0_weights
-1.260962479540788
1.5861932667596481
-1.0013567776170889
-1.5173192285438093
-0.6712396918800149
hidden_1_weights
-1.260962479540788
-1.0013567776170889
-0.6712396918800149
-0.8454429358420688
-1.1690856287351241
hidden_2_weights
-1.260962479540788
-1.5173192285438093
-0.8454429358420688
-1.5393222322259832
1.4180110921301172
output_weights
-1.4349738913931278
0.1603041498185679
-0.4431705072963267
1.6061742632893414
generation:48
hidden_0_weights
1.4794296936998363
0.6736529510732053
-0.6826844162613996
-1.0066189036762307
1.908147644647529
hidden_1_weights
1.4794296936998363
-0.6826844162613996
1.908147644647529
1.2679943369568323
-1.4473722630122356
hidden_2_weights
1.4794296936998363
-1.0066189036762307
1.2679943369568323
1.5078009745552625
1.4544635526271568
output_weights
-1.3585841238521228
0.6894528086277146
-0.577417897163145
1.5553152148415084
generation:49
hidden_0_weights
-0.5944240338021561
1.3847051189562585
-0.7547368236597218
-1.4134179956708561
-0.1674742872703337
hidden_1_weights
-0.5944240338021561
-0.7547368236597218
-0.1674742872703337
-0.16985606614188464
-1.6352664645264943
hidden_2_weights
-0.5944240338021561
-1.4134179956708561
-0.16985606614188464
-1.1085132597405416
1.3902679887013454
output_weights
-1.4965905745086103
0.1982997281877782
-0.9203079115422543
1.682519656564598
generation:50
hidden_0_weights
-1.8203750352237036
1.2344602475620547
-0.6957350670430931
-1.693679254906172
0.9460770354612346
hidden_1_weights
-1.8203750352237036
-0.6957350670430931
0.9460770354612346
1.171092724938226
-0.6728082007037426
hidden_2_weights
-1.8203750352237036
-1.693679254906172
1.171092724938226
-1.3930596962982487
1.175423208457469
output_weights
-1.3456762545339944
0.9314110215777951
0.29056086981699697
1.5378566287899116
generation:51
hidden_0_weights
-1.8203750352237036
1.1580546199303854
-0.7611492971600836
-1.9988098220773904
1.4372257968785025
hidden_1_weights
-1.8203750352237036
-0.7611492971600836
1.4372257968785025
1.6594311473887806
-0.6341337691125198
hidden_2_weights
-1.8203750352237036
-1.9988098220773904
1.6594311473887806
-1.7926795502583985
0.874631711397859
output_weights
-1.3102960105324168
1.1870199821036547
0.47936176479869763
1.4864804907903029
generation:52
hidden_0_weights
-1.4888979822158668
1.6658799538882807
-0.3197028183375423
-1.7552991078406124
1.105284666990472
hidden_1_weights
-1.4888979822158668
-0.3197028183375423
1.105284666990472
0.45844833652755324
-0.7471803033498952
hidden_2_weights
-1.4888979822158668
-1.7552991078406124
0.45844833652755324
-1.084860317313762
0.8694701266242383
output_weights
-1.7288243622096107
1.010843876763395
-0.8898882255971451
1.9085236710866638
generation:53
hidden_0_weights
-1.8632032183074216
1.4393240195977184
-0.19427602247074727
-1.8171376936418222
1.2037381483553617
hidden_1_weights
-1.8632032183074216
-0.19427602247074727
1.2037381483553617
0.9878420189823554
-0.6178205305572233
hidden_2_weights
-1.8632032183074216
-1.8171376936418222
0.9878420189823554
-1.7001655790794867
0.5313223052888343
output_weights
-1.7221125611148775
1.412950917001232
0.17302633612469936
1.8385340108406796
generation:54
hidden_0_weights
-0.5827292944766013
1.7674699561858516
-0.6327442579581442
-1.5749958047337995
-0.6567649053122387
hidden_1_weights
-0.5827292944766013
-0.6327442579581442
-0.6567649053122387
0.4833891522102932
-1.2950413811965698
hidden_2_weights
-0.5827292944766013
-1.5749958047337995
0.4833891522102932
-1.1114194515928748
0.5150544224062528
output_weights
-1.6487747025703958
1.1178262288040004
-1.4314850390836122
1.7497970125693998
generation:55
hidden_0_weights
-0.6464144797392687
1.4966439227313628
-0.5195001574644065
-1.4384173338127426
-0.36938224855995394
hidden_1_weights
-0.6464144797392687
-0.5195001574644065
-0.36938224855995394
0.468305461648831
-1.5002757998547551
hidden_2_weights
-0.6464144797392687
-1.4384173338127426
0.468305461648831
-1.3176481741503396
0.34106767883273836
output_weights
-1.8106571828613416
0.6963296474454312
-0.9677180882936157
1.9323344827446332
generation:56
hidden_0_weights
-1.0095792679413658
1.6446295244379714
-0.18031412380518416
-1.6461474445834519
0.19196324083946376
hidden_1_weights
-1.0095792679413658
-0.18031412380518416
0.19196324083946376
0.7814573534247872
-1.2794210293602641
hidden_2_weights
-1.0095792679413658
-1.6461474445834519
0.7814573534247872
-1.2224140282174638
0.2289860565413451
output_weights
-1.7789256022762836
1.1039947961377703
-0.7108132009071474
1.8950518739083526
generation:57
hidden_0_weights
-0.8948639036891659
1.546086779191579
-0.46689715574118296
-1.6440847966700138
0.668223505224078
hidden_1_weights
-0.8948639036891659
-0.46689715574118296
0.668223505224078
0.4350754258395005
-1.1049085678569102
hidden_2_weights
-0.8948639036891659
-1.6440847966700138
0.4350754258395005
-1.156588579117366
1.0523473425001613
output_weights
-1.6668344641180426
1.80741713442992
-0.41129526632245517
1.8849677750951161
generation:58
hidden_0_weights
-1.2791316489924103
1.5295189110592913
-0.3344418923108246
-1.7540803475608335
0.8212948456168698
hidden_1_weights
-1.2791316489924103
-0.3344418923108246
0.8212948456168698
0.6981308546463277
-1.557486415061827
hidden_2_weights
-1.2791316489924103
-1.7540803475608335
0.6981308546463277
-1.2895787022003804
0.21514801807969652
output_weights
-1.758040785948972
0.650582266120624
-0.5049087750351019
1.9344121236395895
generation:59
hidden_0_weights
-1.2791316489924103
1.5295189110592913
-0.3344418923108246
-1.7540803475608335
0.8212948456168698
hidden_1_weights
-1.2791316489924103
-0.3344418923108246
0.8212948456168698
0.6981308546463277
-1.557486415061827
hidden_2_weights
-1.2791316489924103
-1.7540803475608335
0.6981308546463277
-1.2895787022003804
0.21514801807969652
output_weights
-1.758040785948972
0.650582266120624
-0.5049087750351019
1.9344121236395895
generation:60
hidden_0_weights
0.3625230381159079
1.2350536499001012
-0.7442940562007254
-1.153418857053469
0.47753965598646286
hidden_1_weights
0.3625230381159079
-0.7442940562007254
0.47753965598646286
0.3300009856218865
-1.1219093019145499
hidden_2_weights
0.3625230381159079
-1.153418857053469
0.3300009856218865
0.8705848005725982
0.9609482029593244
output_weights
-1.564489049896764
0.9025061017291957
-0.4094561758936972
1.7079660443902454
generation:61
hidden_0_weights
0.47172881767627284
1.1260934668720308
-1.220795893382511
-0.9482107627718409
-0.3439091220253756
hidden_1_weights
0.47172881767627284
-1.220795893382511
-0.3439091220253756
0.10724459833900431
-1.2885549385158015
hidden_2_weights
0.47172881767627284
-0.9482107627718409
0.10724459833900431
-0.8905308416652526
1.90552580619621
output_weights
-1.263162299370553
1.1065534127384258
-0.872957585128986
1.3968748510954305
generation:62
hidden_0_weights
1.1590721686061771
0.8845895595970142
-1.5541637419224812
-0.7537931802717914
-1.6759431603626798
hidden_1_weights
1.1590721686061771
-1.5541637419224812
-1.6759431603626798
-0.10089428811631285
-1.1548304969829932
hidden_2_weights
1.1590721686061771
-0.7537931802717914
-0.10089428811631285
-0.8160951882232574
1.904659517867218
output_weights
-1.1748377228771263
0.8928855545548061
-0.9629548364881055
1.31842444486066
generation:63
hidden_0_weights
0.16893518748797287
1.2109995673769942
-0.7008116433646122
-1.3243261635721213
0.9049512715159553
hidden_1_weights
0.16893518748797287
-0.7008116433646122
0.9049512715159553
0.3556288939976776
-1.3228674457801262
hidden_2_weights
0.16893518748797287
-1.3243261635721213
0.3556288939976776
-0.6461676843283698
0.6463118035412354
output_weights
-1.625712431917845
0.7860104016888692
-1.100995023397185
1.7771557362041026
generation:64
hidden_0_weights
-0.4365035437840781
1.5609074714791542
-0.47737004519352516
-1.527054740983497
-0.8925675577160676
hidden_1_weights
-0.4365035437840781
-0.47737004519352516
-0.8925675577160676
0.218282702706656
-0.6049923956955948
hidden_2_weights
-0.4365035437840781
-1.527054740983497
0.218282702706656
-0.8023967425333912
1.232634396280543
output_weights
-1.6946473807107605
0.6949145013222429
-1.1058360624282473
1.871563646674303
generation:65
hidden_0_weights
1.026994763616892
1.3664971925337799
-0.9782317407043166
-0.9531608389163726
0.2159611114404848
hidden_1_weights
1.026994763616892
-0.9782317407043166
0.2159611114404848
0.19872179103889384
-0.9125354457978181
hidden_2_weights
1.026994763616892
-0.9531608389163726
0.19872179103889384
-0.46277071386516416
1.4460586595274716
output_weights
-1.296694551606999
1.0267690577555337
-1.2283435552156992
1.4717470279583569
generation:66
hidden_0_weights
1.388640464198473
1.3036795528286675
-1.598820948190765
-0.5754753838910727
-0.17060074412481616
hidden_1_weights
1.388640464198473
-1.598820948190765
-0.17060074412481616
0.35035825267013004
-1.0290545072819457
hidden_2_weights
1.388640464198473
-0.5754753838910727
0.35035825267013004
-0.7462970389061
1.1115816334418096
output_weights
-0.87004245836809
1.3856526461100165
-1.3129124000393984
1.0250781668614286
generation:67
hidden_0_weights
0.9413810051444423
1.6851239655755124
-1.1973847469031007
-0.9882813210390213
-0.4942028110133998
hidden_1_weights
0.9413810051444423
-1.1973847469031007
-0.4942028110133998
0.3072608028262181
-1.0795028742183814
hidden_2_weights
0.9413810051444423
-0.9882813210390213
0.3072608028262181
-0.5374841206521989
1.2435129045370872
output_weights
-1.1807483945781496
1.0506428244368022
-1.1562675407232899
1.3682593014495894
generation:68
hidden_0_weights
0.4570404415961352
1.0463838507042502
-1.5400263978896311
-0.6355693489109481
-0.33896030184382026
hidden_1_weights
0.4570404415961352
-1.5400263978896311
-0.33896030184382026
0.4460910967249311
-1.1281829735262203
hidden_2_weights
0.4570404415961352
-0.6355693489109481
0.4460910967249311
-0.6925447359227137
1.11609164605532
output_weights
-0.3616851756586743
1.8626781758973432
-1.3044787388849821
0.5243335051102265
generation:69
hidden_0_weights
0.8404830143659889
1.362699039347817
-1.1711167748746236
-0.7653575361092203
-0.4869633813265502
hidden_1_weights
0.8404830143659889
-1.1711167748746236
-0.4869633813265502
0.334194078187642
-0.6606610805057793
hidden_2_weights
0.8404830143659889
-0.7653575361092203
0.334194078187642
-0.5581832226959326
1.6652100886141201
output_weights
-0.811231594363026
1.575618222246014
-0.9007756154092731
0.9788854471423531
generation:70
hidden_0_weights
0.8045428947713195
1.2452948079466613
-0.44424454213514397
-1.7169532685752436
0.9171256264123071
hidden_1_weights
0.8045428947713195
-0.44424454213514397
0.9171256264123071
0.5438561614062307
0.2141683139259246
hidden_2_weights
0.8045428947713195
-1.7169532685752436
0.5438561614062307
-0.7257782985019258
1.541471215934961
output_weights
-1.1491100281526982
1.3225584174694232
-1.2984424906243648
1.2918329981773033
generation:71
hidden_0_weights
0.36125607477890365
1.358002709348285
-0.6792641282032399
-1.3027133102045898
-1.4690806426155616
hidden_1_weights
0.36125607477890365
-0.6792641282032399
-1.4690806426155616
0.3037810160842663
-0.36767203211837335
hidden_2_weights
0.36125607477890365
-1.3027133102045898
0.3037810160842663
-0.6541853784147544
1.5557442485114978
output_weights
-1.2075042155449451
1.2187454648178875
-1.1146590738485855
1.370303459716241
generation:72
hidden_0_weights
-0.27401790538250503
1.3291760417046494
-1.0187982178256714
-0.8712554948605389
-1.0651926308050328
hidden_1_weights
-0.27401790538250503
-1.0187982178256714
-1.0651926308050328
0.12254005091855319
-1.1534417959370227
hidden_2_weights
-0.27401790538250503
-0.8712554948605389
0.12254005091855319
-0.8027789765677316
1.555403912392943
output_weights
-0.8317298459963215
1.4521481648940497
-1.2122871253219938
0.9935973987845954
generation:73
hidden_0_weights
1.0306674779390739
1.204255859446594
-1.544868266039697
-0.9000965558463452
-1.48653507479009
hidden_1_weights
1.0306674779390739
-1.544868266039697
-1.48653507479009
0.43316905507179515
-0.5468020443903214
hidden_2_weights
1.0306674779390739
-0.9000965558463452
0.43316905507179515
-0.838146805372556
1.5084677788627512
output_weights
-0.9592548672993197
1.3789289044403814
-1.162097914453902
1.1400579910866615
generation:74
hidden_0_weights
1.2783084576271202
1.5604458959767218
-1.0168868671115414
-1.0720696429458587
-1.5375321146370295
hidden_1_weights
1.2783084576271202
-1.0168868671115414
-1.5375321146370295
0.14127365887994
-0.5645011197962722
hidden_2_weights
1.2783084576271202
-1.0720696429458587
0.14127365887994
-0.4800598688421745
1.2353335791541438
output_weights
-1.3977403355968323
0.9973672979638678
-1.5090188709729178
1.5872818425021111
generation:75
hidden_0_weights
1.6284208715452744
1.407004121905779
-1.1758061592635844
-1.0883141885139642
-1.5292952535568127
hidden_1_weights
1.6284208715452744
-1.1758061592635844
-1.5292952535568127
0.1967641097803951
-1.4251391296218554
hidden_2_weights
1.6284208715452744
-1.0883141885139642
0.1967641097803951
-0.3350529105278901
0.7717070449950889
output_weights
-1.190314049674926
1.0102697729040648
-1.9151151051053317
1.3788240628149366
generation:76
hidden_0_weights
1.4511827354524105
1.554612776276394
-1.0902537224659894
-1.4381353700526611
-1.8743175168023636
hidden_1_weights
1.4511827354524105
-1.0902537224659894
-1.8743175168023636
0.25394135740585055
-0.4988700308558689
hidden_2_weights
1.4511827354524105
-1.4381353700526611
0.25394135740585055
-0.6579801314264782
1.2860566362252535
output_weights
-1.2609372080906804
1.1874326211215878
-1.7767561775169118
1.394276473610145
generation:77
hidden_0_weights
1.0975617543683014
1.3223340187962649
-1.210612074606506
-1.0844032232994916
-1.6277831490861439
hidden_1_weights
1.0975617543683014
-1.210612074606506
-1.6277831490861439
0.1427535027159959
-1.1150418449231232
hidden_2_weights
1.0975617543683014
-1.0844032232994916
0.1427535027159959
-0.5160593415273078
1.0940139540994611
output_weights
-1.2791646452172087
1.0514704636589647
-1.7421875154682769
1.4416550242766095
generation:78
hidden_0_weights
0.5522964267278492
1.1211252115655952
-1.257232461267828
-0.8918400096787638
-1.0472117757993575
hidden_1_weights
0.5522964267278492
-1.257232461267828
-1.0472117757993575
0.5022323900769315
0.13327476880017441
hidden_2_weights
0.5522964267278492
-0.8918400096787638
0.5022323900769315
-1.1208193944007523
1.7136492186819605
output_weights
-1.0695457870634122
1.552890812196244
-1.2098837057261913
1.2144772752239787
generation:79
hidden_0_weights
0.8603649316190358
1.6692689061081698
-0.24639275145030248
-1.816357079724125
-0.8516618243975027
hidden_1_weights
0.8603649316190358
-0.24639275145030248
-0.8516618243975027
0.14859438532203065
-0.42937990416852456
hidden_2_weights
0.8603649316190358
-1.816357079724125
0.14859438532203065
-0.668197394497507
1.4633963146818263
output_weights
-1.6999209415353258
0.5221455361098072
-1.4199516100398812
1.8585634722379858
generation:80
hidden_0_weights
0.6720002883134744
1.5021768097112453
-0.35071100171033204
-1.4935327698362308
0.25647525985221586
hidden_1_weights
0.6720002883134744
-0.35071100171033204
0.25647525985221586
0.4669955303357981
-0.16425495632930798
hidden_2_weights
0.6720002883134744
-1.4935327698362308
0.4669955303357981
-0.9409172333323168
1.8170859689095116
output_weights
-0.7680093680476072
1.5446975125641598
-0.7556195234382421
0.9229979408853007
generation:81
hidden_0_weights
0.6165574875640104
1.371877738472995
-0.5448750663812707
-1.3609625452117298
0.3402713194387808
hidden_1_weights
0.6165574875640104
-0.5448750663812707
0.3402713194387808
0.5642378151856771
0.5034874928192501
hidden_2_weights
0.6165574875640104
-1.3609625452117298
0.5642378151856771
-1.1173890789584637
1.914093022484622
output_weights
-0.6716171232972408
1.7556626154141042
-0.6736452728094783
0.8461868072787151
generation:82
hidden_0_weights
0.3875079132579043
1.1355455585610743
-1.083816968294623
-0.9869676280371655
-0.5556467696988018
hidden_1_weights
0.3875079132579043
-1.083816968294623
-0.5556467696988018
0.5140397483020251
0.769676338553031
hidden_2_weights
0.3875079132579043
-0.9869676280371655
0.5140397483020251
-1.233190644850498
1.8466442111936583
output_weights
-1.066052667757278
1.6195384890509084
-1.0698879151129914
1.2295424072062278
generation:83
hidden_0_weights
1.303027121598629
1.646610837232867
-1.1002253850648205
-1.5565602357314225
-0.9908478123859875
hidden_1_weights
1.303027121598629
-1.1002253850648205
-0.9908478123859875
0.3049960358884164
-1.639877525898559
hidden_2_weights
1.303027121598629
-1.5565602357314225
0.3049960358884164
-0.2262449247828982
0.9418637453507894
output_weights
-1.228024675465376
1.4174882444300723
-1.474591687819097
1.4117286273401162
generation:84
hidden_0_weights
1.3197358635226972
1.313981866351096
-1.4819378713259106
-1.0211220539875523
-1.797634412517311
hidden_1_weights
1.3197358635226972
-1.4819378713259106
-1.797634412517311
0.1731245822182384
-1.8468642557557433
hidden_2_weights
1.3197358635226972
-1.0211220539875523
0.1731245822182384
-0.5610626795215479
0.5448965357152284
output_weights
-1.219789896479922
1.7479835940551898
-1.713960813539926
1.391097565203498
generation:85
hidden_0_weights
0.8386326755916416
1.2330975768827626
-1.3652838294121556
-1.0252934602292023
-1.4126221109923875
hidden_1_weights
0.8386326755916416
-1.3652838294121556
-1.4126221109923875
0.3623962569286781
-0.46209017687925824
hidden_2_weights
0.8386326755916416
-1.0252934602292023
0.3623962569286781
-0.7232918211197154
1.2545988103411465
output_weights
-1.1599831492514248
1.5495720475768604
-1.5094236932621612
1.3290758952576815
generation:86
hidden_0_weights
0.45258978468919975
1.1665060163720449
-0.7898506903985112
-1.0033064572816746
-1.0371901372464967
hidden_1_weights
0.45258978468919975
-0.7898506903985112
-1.0371901372464967
0.6421376416092697
0.5296283320134305
hidden_2_weights
0.45258978468919975
-1.0033064572816746
0.6421376416092697
-1.313394718026164
1.8644629314046952
output_weights
-0.664519524066244
1.8712951884343523
-0.6261987483661873
0.8275453801204311
