generation:1
hidden_0_weights
-0.41894122446101967
0.8111988772077953
1.0285302028049417
-1.683046700750626
-0.3930467827452335
hidden_1_weights
-0.41894122446101967
1.0285302028049417
-0.3930467827452335
-0.32500497353206687
0.2960770890104062
hidden_2_weights
-0.41894122446101967
-1.683046700750626
-0.32500497353206687
0.5892716458168088
-1.8639179024805543
output_weights
-0.778116727852477
-0.8156041064490761
1.596991581592003
-0.6327821788371528
generation:2
hidden_0_weights
-0.41894122446101967
1.2870713695863174
-0.9714697971950583
-1.683046700750626
0.1774419485095351
hidden_1_weights
-0.41894122446101967
-0.9714697971950583
0.1774419485095351
0.30108297193939654
0.7355131620688817
hidden_2_weights
-0.41894122446101967
-1.683046700750626
0.30108297193939654
0.5181554715912469
-1.185147650792929
output_weights
-0.778116727852477
-1.3035250887027878
1.9813839513700249
1.3672178211628472
generation:3
hidden_0_weights
-0.41894122446101967
1.2870713695863174
-0.9714697971950583
-1.683046700750626
0.1774419485095351
hidden_1_weights
-0.41894122446101967
-0.9714697971950583
0.1774419485095351
0.30108297193939654
0.7355131620688817
hidden_2_weights
-0.41894122446101967
-1.683046700750626
0.30108297193939654
0.5181554715912469
-1.185147650792929
output_weights
-0.778116727852477
-1.3035250887027878
1.9813839513700249
1.3672178211628472
generation:4
hidden_0_weights
-0.41894122446101967
1.2870713695863174
-0.9714697971950583
-1.683046700750626
0.1774419485095351
hidden_1_weights
-0.41894122446101967
-0.9714697971950583
0.1774419485095351
0.30108297193939654
0.7355131620688817
hidden_2_weights
-0.41894122446101967
-1.683046700750626
0.30108297193939654
0.5181554715912469
-1.185147650792929
output_weights
-0.778116727852477
-1.3035250887027878
1.9813839513700249
1.3672178211628472
generation:5
hidden_0_weights
-0.41894122446101967
1.2870713695863174
-0.9714697971950583
-1.683046700750626
0.1774419485095351
hidden_1_weights
-0.41894122446101967
-0.9714697971950583
0.1774419485095351
0.30108297193939654
0.7355131620688817
hidden_2_weights
-0.41894122446101967
-1.683046700750626
0.30108297193939654
0.5181554715912469
-1.185147650792929
output_weights
-0.778116727852477
-1.3035250887027878
1.9813839513700249
1.3672178211628472
generation:6
hidden_0_weights
-0.41894122446101967
1.2870713695863174
-0.9714697971950583
-1.683046700750626
0.1774419485095351
hidden_1_weights
-0.41894122446101967
-0.9714697971950583
0.1774419485095351
0.30108297193939654
0.7355131620688817
hidden_2_weights
-0.41894122446101967
-1.683046700750626
0.30108297193939654
0.5181554715912469
-1.185147650792929
output_weights
-0.778116727852477
-1.3035250887027878
1.9813839513700249
1.3672178211628472
generation:7
hidden_0_weights
-0.41894122446101967
1.2870713695863174
-0.9714697971950583
-1.683046700750626
0.1774419485095351
hidden_1_weights
-0.41894122446101967
-0.9714697971950583
0.1774419485095351
0.30108297193939654
0.7355131620688817
hidden_2_weights
-0.41894122446101967
-1.683046700750626
0.30108297193939654
0.5181554715912469
-1.185147650792929
output_weights
-0.778116727852477
-1.3035250887027878
1.9813839513700249
1.3672178211628472
generation:8
hidden_0_weights
-0.41894122446101967
1.2870713695863174
-0.9714697971950583
-1.683046700750626
0.1774419485095351
hidden_1_weights
-0.41894122446101967
-0.9714697971950583
0.1774419485095351
0.30108297193939654
0.7355131620688817
hidden_2_weights
-0.41894122446101967
-1.683046700750626
0.30108297193939654
0.5181554715912469
-1.185147650792929
output_weights
-0.778116727852477
-1.3035250887027878
1.9813839513700249
1.3672178211628472
generation:9
hidden_0_weights
-0.41894122446101967
1.2870713695863174
-0.9714697971950583
-1.683046700750626
0.1774419485095351
hidden_1_weights
-0.41894122446101967
-0.9714697971950583
0.1774419485095351
0.30108297193939654
0.7355131620688817
hidden_2_weights
-0.41894122446101967
-1.683046700750626
0.30108297193939654
0.5181554715912469
-1.185147650792929
output_weights
-0.778116727852477
-1.3035250887027878
1.9813839513700249
1.3672178211628472
generation:10
hidden_0_weights
-0.41894122446101967
1.2870713695863174
-0.9714697971950583
-1.683046700750626
0.1774419485095351
hidden_1_weights
-0.41894122446101967
-0.9714697971950583
0.1774419485095351
0.30108297193939654
0.7355131620688817
hidden_2_weights
-0.41894122446101967
-1.683046700750626
0.30108297193939654
0.5181554715912469
-1.185147650792929
output_weights
-0.778116727852477
-1.3035250887027878
1.9813839513700249
1.3672178211628472
generation:11
hidden_0_weights
-0.41894122446101967
1.2870713695863174
-0.9714697971950583
-1.683046700750626
0.1774419485095351
hidden_1_weights
-0.41894122446101967
-0.9714697971950583
0.1774419485095351
0.30108297193939654
0.7355131620688817
hidden_2_weights
-0.41894122446101967
-1.683046700750626
0.30108297193939654
0.5181554715912469
-1.185147650792929
output_weights
-0.778116727852477
-1.3035250887027878
1.9813839513700249
1.3672178211628472
generation:12
hidden_0_weights
-0.41894122446101967
1.2870713695863174
-0.9714697971950583
-1.683046700750626
0.1774419485095351
hidden_1_weights
-0.41894122446101967
-0.9714697971950583
0.1774419485095351
0.30108297193939654
0.7355131620688817
hidden_2_weights
-0.41894122446101967
-1.683046700750626
0.30108297193939654
0.5181554715912469
-1.185147650792929
output_weights
-0.778116727852477
-1.3035250887027878
1.9813839513700249
1.3672178211628472
generation:13
hidden_0_weights
-0.41894122446101967
1.2870713695863174
-0.9714697971950583
-1.683046700750626
0.1774419485095351
hidden_1_weights
-0.41894122446101967
-0.9714697971950583
0.1774419485095351
0.30108297193939654
0.7355131620688817
hidden_2_weights
-0.41894122446101967
-1.683046700750626
0.30108297193939654
0.5181554715912469
-1.185147650792929
output_weights
-0.778116727852477
-1.3035250887027878
1.9813839513700249
1.3672178211628472
generation:14
hidden_0_weights
-0.41894122446101967
1.2870713695863174
-0.9714697971950583
-1.683046700750626
0.1774419485095351
hidden_1_weights
-0.41894122446101967
-0.9714697971950583
0.1774419485095351
0.30108297193939654
0.7355131620688817
hidden_2_weights
-0.41894122446101967
-1.683046700750626
0.30108297193939654
0.5181554715912469
-1.185147650792929
output_weights
-0.778116727852477
-1.3035250887027878
1.9813839513700249
1.3672178211628472
generation:15
hidden_0_weights
-0.41894122446101967
1.2870713695863174
-0.9714697971950583
-1.683046700750626
0.1774419485095351
hidden_1_weights
-0.41894122446101967
-0.9714697971950583
0.1774419485095351
0.30108297193939654
0.7355131620688817
hidden_2_weights
-0.41894122446101967
-1.683046700750626
0.30108297193939654
0.5181554715912469
-1.185147650792929
output_weights
-0.778116727852477
-1.3035250887027878
1.9813839513700249
1.3672178211628472
generation:16
hidden_0_weights
-0.44542100742224544
1.5557659233929773
-0.18790780511035243
-1.7363818352181206
0.7094737830854264
hidden_1_weights
-0.44542100742224544
-0.18790780511035243
0.7094737830854264
0.11303389395733687
0.12471441326266408
hidden_2_weights
-0.44542100742224544
-1.7363818352181206
0.11303389395733687
0.5060402316368431
-1.2759629153492487
output_weights
-0.8068514645903826
-1.0455384394399811
1.8440727554318452
1.3386702134053203
generation:17
hidden_0_weights
-0.44542100742224544
1.5557659233929773
-0.18790780511035243
-1.7363818352181206
0.7094737830854264
hidden_1_weights
-0.44542100742224544
-0.18790780511035243
0.7094737830854264
0.11303389395733687
0.12471441326266408
hidden_2_weights
-0.44542100742224544
-1.7363818352181206
0.11303389395733687
0.5060402316368431
-1.2759629153492487
output_weights
-0.8068514645903826
-1.0455384394399811
1.8440727554318452
1.3386702134053203
generation:18
hidden_0_weights
-0.44542100742224544
1.5557659233929773
-0.18790780511035243
-1.7363818352181206
0.7094737830854264
hidden_1_weights
-0.44542100742224544
-0.18790780511035243
0.7094737830854264
0.11303389395733687
0.12471441326266408
hidden_2_weights
-0.44542100742224544
-1.7363818352181206
0.11303389395733687
0.5060402316368431
-1.2759629153492487
output_weights
-0.8068514645903826
-1.0455384394399811
1.8440727554318452
1.3386702134053203
generation:19
hidden_0_weights
-0.4059518904389052
1.9839132529555479
-0.46268839248154825
-1.253031435771049
0.38899205471998616
hidden_1_weights
-0.4059518904389052
-0.46268839248154825
0.38899205471998616
-0.5836241652680108
-0.9670010762807727
hidden_2_weights
-0.4059518904389052
-1.253031435771049
-0.5836241652680108
-0.7818966193022793
0.7240370846507513
output_weights
-1.2777079997232776
0.13554811766873703
0.2222125082482922
1.6582221195470281
generation:20
hidden_0_weights
-0.4059518904389052
1.9839132529555479
-0.46268839248154825
-1.253031435771049
0.38899205471998616
hidden_1_weights
-0.4059518904389052
-0.46268839248154825
0.38899205471998616
-0.5836241652680108
-0.9670010762807727
hidden_2_weights
-0.4059518904389052
-1.253031435771049
-0.5836241652680108
-0.7818966193022793
0.7240370846507513
output_weights
-1.2777079997232776
0.13554811766873703
0.2222125082482922
1.6582221195470281
generation:21
hidden_0_weights
-0.4059518904389052
1.9839132529555479
-0.46268839248154825
-1.253031435771049
0.38899205471998616
hidden_1_weights
-0.4059518904389052
-0.46268839248154825
0.38899205471998616
-0.5836241652680108
-0.9670010762807727
hidden_2_weights
-0.4059518904389052
-1.253031435771049
-0.5836241652680108
-0.7818966193022793
0.7240370846507513
output_weights
-1.2777079997232776
0.13554811766873703
0.2222125082482922
1.6582221195470281
generation:22
hidden_0_weights
-0.4059518904389052
1.9839132529555479
-0.46268839248154825
-1.253031435771049
0.38899205471998616
hidden_1_weights
-0.4059518904389052
-0.46268839248154825
0.38899205471998616
-0.5836241652680108
-0.9670010762807727
hidden_2_weights
-0.4059518904389052
-1.253031435771049
-0.5836241652680108
-0.7818966193022793
0.7240370846507513
output_weights
-1.2777079997232776
0.13554811766873703
0.2222125082482922
1.6582221195470281
generation:23
hidden_0_weights
-0.4059518904389052
1.9839132529555479
-0.46268839248154825
-1.253031435771049
0.38899205471998616
hidden_1_weights
-0.4059518904389052
-0.46268839248154825
0.38899205471998616
-0.5836241652680108
-0.9670010762807727
hidden_2_weights
-0.4059518904389052
-1.253031435771049
-0.5836241652680108
-0.7818966193022793
0.7240370846507513
output_weights
-1.2777079997232776
0.13554811766873703
0.2222125082482922
1.6582221195470281
generation:24
hidden_0_weights
-1.7843537102832623
1.9207473344805268
-1.6389892575297667
-1.8298013831894409
-1.1263166018611086
hidden_1_weights
-1.7843537102832623
-1.6389892575297667
-1.1263166018611086
1.6796467414860334
-0.8931066624399879
hidden_2_weights
-1.7843537102832623
-1.8298013831894409
1.6796467414860334
-1.8051359361232366
0.7240370846507513
output_weights
-0.9044585567265553
-0.2809943653807334
-0.7301094258325254
1.0287439685868673
generation:25
hidden_0_weights
-1.7843537102832623
1.9207473344805268
-1.6389892575297667
-1.8298013831894409
-1.1263166018611086
hidden_1_weights
-1.7843537102832623
-1.6389892575297667
-1.1263166018611086
1.6796467414860334
-0.8931066624399879
hidden_2_weights
-1.7843537102832623
-1.8298013831894409
1.6796467414860334
-1.8051359361232366
0.7240370846507513
output_weights
-0.9044585567265553
-0.2809943653807334
-0.7301094258325254
1.0287439685868673
generation:26
hidden_0_weights
-1.7843537102832623
1.9207473344805268
-1.6389892575297667
-1.8298013831894409
-1.1263166018611086
hidden_1_weights
-1.7843537102832623
-1.6389892575297667
-1.1263166018611086
1.6796467414860334
-0.8931066624399879
hidden_2_weights
-1.7843537102832623
-1.8298013831894409
1.6796467414860334
-1.8051359361232366
0.7240370846507513
output_weights
-0.9044585567265553
-0.2809943653807334
-0.7301094258325254
1.0287439685868673
generation:27
hidden_0_weights
-1.7843537102832623
1.9207473344805268
-1.6389892575297667
-1.8298013831894409
-1.1263166018611086
hidden_1_weights
-1.7843537102832623
-1.6389892575297667
-1.1263166018611086
1.6796467414860334
-0.8931066624399879
hidden_2_weights
-1.7843537102832623
-1.8298013831894409
1.6796467414860334
-1.8051359361232366
0.7240370846507513
output_weights
-0.9044585567265553
-0.2809943653807334
-0.7301094258325254
1.0287439685868673
generation:28
hidden_0_weights
-0.2271102490280228
1.4960313895113575
-0.2903403843895003
-1.5930232994153242
-0.29776225620564056
hidden_1_weights
-0.2271102490280228
-0.2903403843895003
-0.29776225620564056
-1.0199839723020365
-1.2417424399717885
hidden_2_weights
-0.2271102490280228
-1.5930232994153242
-1.0199839723020365
-0.5909630894810269
0.7240370846507513
output_weights
-1.4743212179864027
0.9701601146676903
-1.5035110963138636
1.7666920156910808
generation:29
hidden_0_weights
-0.2271102490280228
1.4960313895113575
-0.2903403843895003
-1.5930232994153242
-0.29776225620564056
hidden_1_weights
-0.2271102490280228
-0.2903403843895003
-0.29776225620564056
-1.0199839723020365
-1.2417424399717885
hidden_2_weights
-0.2271102490280228
-1.5930232994153242
-1.0199839723020365
-0.5909630894810269
0.7240370846507513
output_weights
-1.4743212179864027
0.9701601146676903
-1.5035110963138636
1.7666920156910808
generation:30
hidden_0_weights
-0.2271102490280228
1.4960313895113575
-0.2903403843895003
-1.5930232994153242
-0.29776225620564056
hidden_1_weights
-0.2271102490280228
-0.2903403843895003
-0.29776225620564056
-1.0199839723020365
-1.2417424399717885
hidden_2_weights
-0.2271102490280228
-1.5930232994153242
-1.0199839723020365
-0.5909630894810269
0.7240370846507513
output_weights
-1.4743212179864027
0.9701601146676903
-1.5035110963138636
1.7666920156910808
generation:31
hidden_0_weights
-0.2271102490280228
1.4960313895113575
-0.2903403843895003
-1.5930232994153242
-0.29776225620564056
hidden_1_weights
-0.2271102490280228
-0.2903403843895003
-0.29776225620564056
-1.0199839723020365
-1.2417424399717885
hidden_2_weights
-0.2271102490280228
-1.5930232994153242
-1.0199839723020365
-0.5909630894810269
0.7240370846507513
output_weights
-1.4743212179864027
0.9701601146676903
-1.5035110963138636
1.7666920156910808
generation:32
hidden_0_weights
-0.2271102490280228
1.4960313895113575
-0.2903403843895003
-1.5930232994153242
-0.29776225620564056
hidden_1_weights
-0.2271102490280228
-0.2903403843895003
-0.29776225620564056
-1.0199839723020365
-1.2417424399717885
hidden_2_weights
-0.2271102490280228
-1.5930232994153242
-1.0199839723020365
-0.5909630894810269
0.7240370846507513
output_weights
-1.4743212179864027
0.9701601146676903
-1.5035110963138636
1.7666920156910808
generation:33
hidden_0_weights
-1.5697573705769616
1.4975213485626009
-0.41891423188126425
-1.935200489170357
-1.0087774701659746
hidden_1_weights
-1.5697573705769616
-0.41891423188126425
-1.0087774701659746
-0.1648576623540931
-0.37727153772763977
hidden_2_weights
-1.5697573705769616
-1.935200489170357
-0.1648576623540931
-0.2524233716639423
0.7240370846507513
output_weights
-1.1254896087142587
1.132243971405538
0.2640922649991333
1.4539015515459752
generation:34
hidden_0_weights
-1.5697573705769616
1.4975213485626009
-0.41891423188126425
-1.935200489170357
-1.0087774701659746
hidden_1_weights
-1.5697573705769616
-0.41891423188126425
-1.0087774701659746
-0.1648576623540931
-0.37727153772763977
hidden_2_weights
-1.5697573705769616
-1.935200489170357
-0.1648576623540931
-0.2524233716639423
0.7240370846507513
output_weights
-1.1254896087142587
1.132243971405538
0.2640922649991333
1.4539015515459752
generation:35
hidden_0_weights
-1.5697573705769616
1.4975213485626009
-0.41891423188126425
-1.935200489170357
-1.0087774701659746
hidden_1_weights
-1.5697573705769616
-0.41891423188126425
-1.0087774701659746
-0.1648576623540931
-0.37727153772763977
hidden_2_weights
-1.5697573705769616
-1.935200489170357
-0.1648576623540931
-0.2524233716639423
0.7240370846507513
output_weights
-1.1254896087142587
1.132243971405538
0.2640922649991333
1.4539015515459752
generation:36
hidden_0_weights
-1.5697573705769616
1.4975213485626009
-0.41891423188126425
-1.935200489170357
-1.0087774701659746
hidden_1_weights
-1.5697573705769616
-0.41891423188126425
-1.0087774701659746
-0.1648576623540931
-0.37727153772763977
hidden_2_weights
-1.5697573705769616
-1.935200489170357
-0.1648576623540931
-0.2524233716639423
0.7240370846507513
output_weights
-1.1254896087142587
1.132243971405538
0.2640922649991333
1.4539015515459752
generation:37
hidden_0_weights
-1.5697573705769616
1.4975213485626009
-0.41891423188126425
-1.935200489170357
-1.0087774701659746
hidden_1_weights
-1.5697573705769616
-0.41891423188126425
-1.0087774701659746
-0.1648576623540931
-0.37727153772763977
hidden_2_weights
-1.5697573705769616
-1.935200489170357
-0.1648576623540931
-0.2524233716639423
0.7240370846507513
output_weights
-1.1254896087142587
1.132243971405538
0.2640922649991333
1.4539015515459752
generation:38
hidden_0_weights
-1.5697573705769616
1.4975213485626009
-0.41891423188126425
-1.935200489170357
-1.0087774701659746
hidden_1_weights
-1.5697573705769616
-0.41891423188126425
-1.0087774701659746
-0.1648576623540931
-0.37727153772763977
hidden_2_weights
-1.5697573705769616
-1.935200489170357
-0.1648576623540931
-0.2524233716639423
0.7240370846507513
output_weights
-1.1254896087142587
1.132243971405538
0.2640922649991333
1.4539015515459752
generation:39
hidden_0_weights
-1.5697573705769616
1.4975213485626009
-0.41891423188126425
-1.935200489170357
-1.0087774701659746
hidden_1_weights
-1.5697573705769616
-0.41891423188126425
-1.0087774701659746
-0.1648576623540931
-0.37727153772763977
hidden_2_weights
-1.5697573705769616
-1.935200489170357
-0.1648576623540931
-0.2524233716639423
0.7240370846507513
output_weights
-1.1254896087142587
1.132243971405538
0.2640922649991333
1.4539015515459752
generation:40
hidden_0_weights
-0.7754403865118397
1.5605247842928436
-0.939115492462694
-1.5237335789280395
-0.973992194568942
hidden_1_weights
-0.7754403865118397
-0.939115492462694
-0.973992194568942
1.0364888254931657
-0.8442899638260013
hidden_2_weights
-0.7754403865118397
-1.5237335789280395
1.0364888254931657
-0.2676988603239988
1.6831534966731332
output_weights
-1.2555621149718852
1.3154828164646424
0.34657594972185213
1.3905698275091651
generation:41
hidden_0_weights
-0.7754403865118397
1.5605247842928436
-0.939115492462694
-1.5237335789280395
-0.973992194568942
hidden_1_weights
-0.7754403865118397
-0.939115492462694
-0.973992194568942
1.0364888254931657
-0.8442899638260013
hidden_2_weights
-0.7754403865118397
-1.5237335789280395
1.0364888254931657
-0.2676988603239988
1.6831534966731332
output_weights
-1.2555621149718852
1.3154828164646424
0.34657594972185213
1.3905698275091651
generation:42
hidden_0_weights
-0.7754403865118397
1.5605247842928436
-0.939115492462694
-1.5237335789280395
-0.973992194568942
hidden_1_weights
-0.7754403865118397
-0.939115492462694
-0.973992194568942
1.0364888254931657
-0.8442899638260013
hidden_2_weights
-0.7754403865118397
-1.5237335789280395
1.0364888254931657
-0.2676988603239988
1.6831534966731332
output_weights
-1.2555621149718852
1.3154828164646424
0.34657594972185213
1.3905698275091651
generation:43
hidden_0_weights
-0.7754403865118397
1.5605247842928436
-0.939115492462694
-1.5237335789280395
-0.973992194568942
hidden_1_weights
-0.7754403865118397
-0.939115492462694
-0.973992194568942
1.0364888254931657
-0.8442899638260013
hidden_2_weights
-0.7754403865118397
-1.5237335789280395
1.0364888254931657
-0.2676988603239988
1.6831534966731332
output_weights
-1.2555621149718852
1.3154828164646424
0.34657594972185213
1.3905698275091651
generation:44
hidden_0_weights
-0.7078689917767732
1.5605247842928436
-0.5877025057549187
-1.3225523296212187
-0.8752263161927342
hidden_1_weights
-0.7078689917767732
-0.5877025057549187
-0.8752263161927342
0.8128411594434948
-0.57158186403433
hidden_2_weights
-0.7078689917767732
-1.3225523296212187
0.8128411594434948
-1.9762151742447251
1.6529047207071639
output_weights
-1.2476123081755675
1.1635420678213166
0.8525998453910918
1.5661756466245589
generation:45
hidden_0_weights
-0.18671718245222124
1.5605247842928436
-1.0649464021856536
-1.3373973165084871
-0.8752263161927342
hidden_1_weights
-0.18671718245222124
-1.0649464021856536
-0.8752263161927342
0.46372856414701946
-0.2316206553955012
hidden_2_weights
-0.18671718245222124
-1.3373973165084871
0.46372856414701946
-1.9762151742447251
1.65424269965769
output_weights
-1.2177776658907704
0.34747366238169075
0.5501022061782599
1.549707729187264
generation:46
hidden_0_weights
-1.6593146439347257
1.780778132828726
-0.48824209976948185
-1.4816415242784902
-0.8752263161927342
hidden_1_weights
-1.6593146439347257
-0.48824209976948185
-0.8752263161927342
-1.3798762562819744
-0.8762837664976255
hidden_2_weights
-1.6593146439347257
-1.4816415242784902
-1.3798762562819744
-1.9762151742447251
1.407270889720953
output_weights
-1.8127498543595937
1.2071232573747248
-1.3794039749936853
1.966277970641117
generation:47
hidden_0_weights
-1.6593146439347257
1.9233555073239188
-0.16128034545896175
-1.595351180700526
-0.22767437610247754
hidden_1_weights
-1.6593146439347257
-0.16128034545896175
-0.22767437610247754
-1.3798762562819744
-1.3001849222639017
hidden_2_weights
-1.6593146439347257
-1.595351180700526
-1.3798762562819744
-0.4312450661436622
1.2206741245795742
output_weights
-1.8127498543595937
1.6498156734315526
-1.3794039749936853
1.966277970641117
generation:48
hidden_0_weights
-1.6593146439347257
1.9233555073239188
-0.16128034545896175
-1.595351180700526
-0.22767437610247754
hidden_1_weights
-1.6593146439347257
-0.16128034545896175
-0.22767437610247754
-1.3798762562819744
-1.3001849222639017
hidden_2_weights
-1.6593146439347257
-1.595351180700526
-1.3798762562819744
-0.4312450661436622
1.2206741245795742
output_weights
-1.8127498543595937
1.6498156734315526
-1.3794039749936853
1.966277970641117
generation:49
hidden_0_weights
-1.6593146439347257
1.9233555073239188
-0.16128034545896175
-1.595351180700526
-0.22767437610247754
hidden_1_weights
-1.6593146439347257
-0.16128034545896175
-0.22767437610247754
-1.3798762562819744
-1.3001849222639017
hidden_2_weights
-1.6593146439347257
-1.595351180700526
-1.3798762562819744
-0.4312450661436622
1.2206741245795742
output_weights
-1.8127498543595937
1.6498156734315526
-1.3794039749936853
1.966277970641117
generation:50
hidden_0_weights
-1.6593146439347257
1.9233555073239188
-0.16128034545896175
-1.595351180700526
-0.22767437610247754
hidden_1_weights
-1.6593146439347257
-0.16128034545896175
-0.22767437610247754
-1.3798762562819744
-1.3001849222639017
hidden_2_weights
-1.6593146439347257
-1.595351180700526
-1.3798762562819744
-0.4312450661436622
1.2206741245795742
output_weights
-1.8127498543595937
1.6498156734315526
-1.3794039749936853
1.966277970641117
generation:51
hidden_0_weights
-1.6593146439347257
1.9233555073239188
-0.16128034545896175
-1.595351180700526
-0.22767437610247754
hidden_1_weights
-1.6593146439347257
-0.16128034545896175
-0.22767437610247754
-1.3798762562819744
-1.3001849222639017
hidden_2_weights
-1.6593146439347257
-1.595351180700526
-1.3798762562819744
-0.4312450661436622
1.2206741245795742
output_weights
-1.8127498543595937
1.6498156734315526
-1.3794039749936853
1.966277970641117
generation:52
hidden_0_weights
-0.9559231699556947
1.6708070048816492
-0.2180536484751126
-1.7001792446182673
1.9421653102109555
hidden_1_weights
-0.9559231699556947
-0.2180536484751126
1.9421653102109555
0.7382698136027888
-0.6320382230364876
hidden_2_weights
-0.9559231699556947
-1.7001792446182673
0.7382698136027888
-0.5594563961730752
0.8480735793732505
output_weights
-1.6889556838381374
1.1521976314149593
-0.1809328245216722
1.8912268587986583
generation:53
hidden_0_weights
-0.9559231699556947
1.6708070048816492
-0.2180536484751126
-1.7001792446182673
1.9421653102109555
hidden_1_weights
-0.9559231699556947
-0.2180536484751126
1.9421653102109555
0.7382698136027888
-0.6320382230364876
hidden_2_weights
-0.9559231699556947
-1.7001792446182673
0.7382698136027888
-0.5594563961730752
0.8480735793732505
output_weights
-1.6889556838381374
1.1521976314149593
-0.1809328245216722
1.8912268587986583
generation:54
hidden_0_weights
-0.9559231699556947
1.7809621375924327
-0.15720534221492408
-1.7001792446182673
1.9421653102109555
hidden_1_weights
-0.9559231699556947
-0.15720534221492408
1.9421653102109555
0.9715325167897846
-0.6034542434582155
hidden_2_weights
-0.9559231699556947
-1.7001792446182673
0.9715325167897846
-0.5594563961730752
0.3961887141887437
output_weights
-1.7738866314571584
1.6753863986075825
-0.6541522608047845
1.9241305545191443
generation:55
hidden_0_weights
-0.9559231699556947
1.7809621375924327
-0.15720534221492408
-1.7001792446182673
1.9421653102109555
hidden_1_weights
-0.9559231699556947
-0.15720534221492408
1.9421653102109555
0.9715325167897846
-0.6034542434582155
hidden_2_weights
-0.9559231699556947
-1.7001792446182673
0.9715325167897846
-0.5594563961730752
0.3961887141887437
output_weights
-1.7738866314571584
1.6753863986075825
-0.6541522608047845
1.9241305545191443
generation:56
hidden_0_weights
-1.6362462904005763
1.6647237480897896
-0.6696521382997035
-1.74647486840294
1.9421653102109555
hidden_1_weights
-1.6362462904005763
-0.6696521382997035
1.9421653102109555
0.6097560806721648
-1.545754229708731
hidden_2_weights
-1.6362462904005763
-1.74647486840294
0.6097560806721648
-0.5594563961730752
0.31911361906164637
output_weights
-1.6950615337533668
0.6915065085272367
-0.8780372971807721
1.8480508428718356
generation:57
hidden_0_weights
-1.6362462904005763
1.6647237480897896
-0.6696521382997035
-1.74647486840294
1.9421653102109555
hidden_1_weights
-1.6362462904005763
-0.6696521382997035
1.9421653102109555
0.6097560806721648
-1.545754229708731
hidden_2_weights
-1.6362462904005763
-1.74647486840294
0.6097560806721648
-0.5594563961730752
0.31911361906164637
output_weights
-1.6950615337533668
0.6915065085272367
-0.8780372971807721
1.8480508428718356
generation:58
hidden_0_weights
-1.2557049690829587
1.5314995654485037
-0.45879364448813587
-1.590674988855969
1.9421653102109555
hidden_1_weights
-1.2557049690829587
-0.45879364448813587
1.9421653102109555
0.46735754351757386
-1.3594234433846306
hidden_2_weights
-1.2557049690829587
-1.590674988855969
0.46735754351757386
-0.5594563961730752
0.7010104913654753
output_weights
-1.7192911472387005
1.2851499308182988
-0.6239004779051454
1.8911807778652905
generation:59
hidden_0_weights
-1.2557049690829587
1.5314995654485037
-0.45879364448813587
-1.590674988855969
1.9421653102109555
hidden_1_weights
-1.2557049690829587
-0.45879364448813587
1.9421653102109555
0.46735754351757386
-1.3594234433846306
hidden_2_weights
-1.2557049690829587
-1.590674988855969
0.46735754351757386
-0.5594563961730752
0.7010104913654753
output_weights
-1.7192911472387005
1.2851499308182988
-0.6239004779051454
1.8911807778652905
generation:60
hidden_0_weights
-1.2557049690829587
1.5314995654485037
-0.45879364448813587
-1.590674988855969
1.9421653102109555
hidden_1_weights
-1.2557049690829587
-0.45879364448813587
1.9421653102109555
0.46735754351757386
-1.3594234433846306
hidden_2_weights
-1.2557049690829587
-1.590674988855969
0.46735754351757386
-0.5594563961730752
0.7010104913654753
output_weights
-1.7192911472387005
1.2851499308182988
-0.6239004779051454
1.8911807778652905
generation:61
hidden_0_weights
-0.29787874730544617
1.3542890700121433
-0.5986698384509338
-1.3697022874232243
-0.32895226151075063
hidden_1_weights
-0.29787874730544617
-0.5986698384509338
-0.32895226151075063
0.44177388375138016
-1.2667841640583646
hidden_2_weights
-0.29787874730544617
-1.3697022874232243
0.44177388375138016
-0.9051926599952089
0.7366651224619998
output_weights
-1.6366003985063728
0.9011170549762076
-0.4676978922657629
1.7925195292007134
generation:62
hidden_0_weights
-0.29787874730544617
1.3542890700121433
-0.5986698384509338
-1.3697022874232243
-0.32895226151075063
hidden_1_weights
-0.29787874730544617
-0.5986698384509338
-0.32895226151075063
0.44177388375138016
-1.2667841640583646
hidden_2_weights
-0.29787874730544617
-1.3697022874232243
0.44177388375138016
-0.9051926599952089
0.7366651224619998
output_weights
-1.6366003985063728
0.9011170549762076
-0.4676978922657629
1.7925195292007134
generation:63
hidden_0_weights
0.44019534653593945
1.1334211403845242
-1.0704228449285529
-0.9536491231451948
-0.7177360191837269
hidden_1_weights
0.44019534653593945
-1.0704228449285529
-0.7177360191837269
0.44177388375138016
-1.2119653653971156
hidden_2_weights
0.44019534653593945
-0.9536491231451948
0.44177388375138016
-1.0129535622415689
1.4444432800828662
output_weights
-1.4048345239388362
0.9547783956953403
-0.7527711374355004
1.5282128991090105
generation:64
hidden_0_weights
0.22914893789606255
1.1883938336653548
-0.9258083285024671
-1.1378480649223166
-0.6262164502330808
hidden_1_weights
0.22914893789606255
-0.9258083285024671
-0.6262164502330808
0.1386702033548861
-1.2338884973445554
hidden_2_weights
0.22914893789606255
-1.1378480649223166
0.1386702033548861
-0.8857149699409572
1.1461133238308547
output_weights
-1.4807615370306455
0.9009768652104277
-0.6910068458939336
1.626873827470045
generation:65
hidden_0_weights
-0.45143216981626283
1.5231744177037858
-0.46553440255193457
-1.5801676554477637
-0.7700853355971045
hidden_1_weights
-0.45143216981626283
-0.46553440255193457
-0.7700853355971045
0.1386702033548861
-0.7524486842328485
hidden_2_weights
-0.45143216981626283
-1.5801676554477637
0.1386702033548861
-0.7269278174616558
0.9967688194928882
output_weights
-1.705367497892688
0.6987107159914611
-0.974040171198197
1.8924408486355384
generation:66
hidden_0_weights
-0.45143216981626283
1.5231744177037858
-0.46553440255193457
-1.5801676554477637
-0.7700853355971045
hidden_1_weights
-0.45143216981626283
-0.46553440255193457
-0.7700853355971045
0.1386702033548861
-0.7524486842328485
hidden_2_weights
-0.45143216981626283
-1.5801676554477637
0.1386702033548861
-0.7269278174616558
0.9967688194928882
output_weights
-1.705367497892688
0.6987107159914611
-0.974040171198197
1.8924408486355384
generation:67
hidden_0_weights
-0.45143216981626283
1.5231744177037858
-0.46553440255193457
-1.5801676554477637
-0.7700853355971045
hidden_1_weights
-0.45143216981626283
-0.46553440255193457
-0.7700853355971045
0.1386702033548861
-0.7524486842328485
hidden_2_weights
-0.45143216981626283
-1.5801676554477637
0.1386702033548861
-0.7269278174616558
0.9967688194928882
output_weights
-1.705367497892688
0.6987107159914611
-0.974040171198197
1.8924408486355384
generation:68
hidden_0_weights
0.633479540698277
1.4915905331823658
-0.9646473314038119
-1.1380604418392104
-0.4995570061126436
hidden_1_weights
0.633479540698277
-0.9646473314038119
-0.4995570061126436
0.18605323390569112
-0.8692903132855457
hidden_2_weights
0.633479540698277
-1.1380604418392104
0.18605323390569112
-0.6723682822068519
1.0928277115010288
output_weights
-1.3281628782372583
0.9942482147238776
-1.1594956334510556
1.50699805928021
generation:69
hidden_0_weights
0.633479540698277
1.4915905331823658
-0.9646473314038119
-1.1380604418392104
-0.4995570061126436
hidden_1_weights
0.633479540698277
-0.9646473314038119
-0.4995570061126436
0.18605323390569112
-0.8692903132855457
hidden_2_weights
0.633479540698277
-1.1380604418392104
0.18605323390569112
-0.6723682822068519
1.0928277115010288
output_weights
-1.3281628782372583
0.9942482147238776
-1.1594956334510556
1.50699805928021
generation:70
hidden_0_weights
0.633479540698277
1.4915905331823658
-0.9646473314038119
-1.1380604418392104
-0.4995570061126436
hidden_1_weights
0.633479540698277
-0.9646473314038119
-0.4995570061126436
0.18605323390569112
-0.8692903132855457
hidden_2_weights
0.633479540698277
-1.1380604418392104
0.18605323390569112
-0.6723682822068519
1.0928277115010288
output_weights
-1.3281628782372583
0.9942482147238776
-1.1594956334510556
1.50699805928021
generation:71
hidden_0_weights
0.6890806412426587
1.4617912979472352
-0.8015098003270572
-1.2589801623565122
-0.5668112470075354
hidden_1_weights
0.6890806412426587
-0.8015098003270572
-0.5668112470075354
0.27992734167660016
-0.46116506816262565
hidden_2_weights
0.6890806412426587
-1.2589801623565122
0.27992734167660016
-0.6050276428552782
1.3299570248716677
output_weights
-1.2478123022046297
1.1275059377628192
-1.234149912075297
1.4219859587550694
generation:72
hidden_0_weights
0.6890806412426587
1.4617912979472352
-0.8015098003270572
-1.2589801623565122
-0.5668112470075354
hidden_1_weights
0.6890806412426587
-0.8015098003270572
-0.5668112470075354
0.27992734167660016
-0.46116506816262565
hidden_2_weights
0.6890806412426587
-1.2589801623565122
0.27992734167660016
-0.6050276428552782
1.3299570248716677
output_weights
-1.2478123022046297
1.1275059377628192
-1.234149912075297
1.4219859587550694
generation:73
hidden_0_weights
0.6890806412426587
1.4617912979472352
-0.8015098003270572
-1.2589801623565122
-0.5668112470075354
hidden_1_weights
0.6890806412426587
-0.8015098003270572
-0.5668112470075354
0.27992734167660016
-0.46116506816262565
hidden_2_weights
0.6890806412426587
-1.2589801623565122
0.27992734167660016
-0.6050276428552782
1.3299570248716677
output_weights
-1.2478123022046297
1.1275059377628192
-1.234149912075297
1.4219859587550694
generation:74
hidden_0_weights
0.44868688541599705
1.391970181603067
-1.0576385818600051
-0.990238638552368
-0.7889242172095017
hidden_1_weights
0.44868688541599705
-1.0576385818600051
-0.7889242172095017
0.2204373523789572
-0.5090906639742924
hidden_2_weights
0.44868688541599705
-0.990238638552368
0.2204373523789572
-0.7202686945498348
1.3342069367459481
output_weights
-1.040389581134144
1.2759662128829403
-1.1476146674476646
1.2100629011737554
generation:75
hidden_0_weights
0.44868688541599705
1.391970181603067
-1.0576385818600051
-0.990238638552368
-0.7889242172095017
hidden_1_weights
0.44868688541599705
-1.0576385818600051
-0.7889242172095017
0.2204373523789572
-0.5090906639742924
hidden_2_weights
0.44868688541599705
-0.990238638552368
0.2204373523789572
-0.7202686945498348
1.3342069367459481
output_weights
-1.040389581134144
1.2759662128829403
-1.1476146674476646
1.2100629011737554
generation:76
hidden_0_weights
0.44868688541599705
1.391970181603067
-1.0576385818600051
-0.990238638552368
-0.7889242172095017
hidden_1_weights
0.44868688541599705
-1.0576385818600051
-0.7889242172095017
0.2204373523789572
-0.5090906639742924
hidden_2_weights
0.44868688541599705
-0.990238638552368
0.2204373523789572
-0.7202686945498348
1.3342069367459481
output_weights
-1.040389581134144
1.2759662128829403
-1.1476146674476646
1.2100629011737554
generation:77
hidden_0_weights
1.252194993886059
1.495180656298773
-1.0175680744634568
-1.3484818811582886
-1.6459429947620963
hidden_1_weights
1.252194993886059
-1.0175680744634568
-1.6459429947620963
0.2324281077112539
-0.7601013578129232
hidden_2_weights
1.252194993886059
-1.3484818811582886
0.2324281077112539
-0.567332308908399
1.214593092323755
output_weights
-1.218613338102551
1.1558479739847223
-1.7836139419283747
1.3700831519832677
generation:78
hidden_0_weights
1.252194993886059
1.495180656298773
-1.0175680744634568
-1.3484818811582886
-1.6459429947620963
hidden_1_weights
1.252194993886059
-1.0175680744634568
-1.6459429947620963
0.2324281077112539
-0.7601013578129232
hidden_2_weights
1.252194993886059
-1.3484818811582886
0.2324281077112539
-0.567332308908399
1.214593092323755
output_weights
-1.218613338102551
1.1558479739847223
-1.7836139419283747
1.3700831519832677
generation:79
hidden_0_weights
0.5566893450893986
1.1499713036438302
-1.228098434037264
-0.951483070025799
-1.1609264431631965
hidden_1_weights
0.5566893450893986
-1.228098434037264
-1.1609264431631965
0.4490584991500756
-0.712329011274421
hidden_2_weights
0.5566893450893986
-0.951483070025799
0.4490584991500756
-1.06035695476152
1.688468789706094
output_weights
-1.1124289442683741
1.493167522348601
-1.2821291889984425
1.2547965899420643
generation:80
hidden_0_weights
0.3533430397262246
0.9804762179476045
-1.3551723832807765
-0.6873388516667902
-0.7103764416245053
hidden_1_weights
0.3533430397262246
-1.3551723832807765
-0.7103764416245053
0.651631012158651
-0.17580862000556885
hidden_2_weights
0.3533430397262246
-0.6873388516667902
0.651631012158651
-1.3592392827619248
1.8874759650170478
output_weights
-0.9723424434915948
1.7395513193985388
-0.9456486367276618
1.1193625459208254
generation:81
hidden_0_weights
0.35140519160530514
1.0966003930193111
-0.9861280441146865
-0.8651670065123627
-0.7103764416245053
hidden_1_weights
0.35140519160530514
-0.9861280441146865
-0.7103764416245053
0.7146214600598728
0.22116314533503306
hidden_2_weights
0.35140519160530514
-0.8651670065123627
0.7146214600598728
-1.3850968206292131
1.8874759650170478
output_weights
-0.7761357014314499
1.8298260564610371
-0.6126505862361371
0.9302156586960421
generation:82
hidden_0_weights
0.5292880082894508
1.3675151009792752
-0.4183479778553284
-1.3302412389447216
0.5646728798761551
hidden_1_weights
0.5292880082894508
-0.4183479778553284
0.5646728798761551
0.6589142364477579
0.7018618158543395
hidden_2_weights
0.5292880082894508
-1.3302412389447216
0.6589142364477579
-1.2229473709667986
1.9879010069460188
output_weights
-0.562228740390786
1.8455768863979733
-0.4108069530471017
0.7353176579669652
generation:83
hidden_0_weights
0.5292880082894508
1.3675151009792752
-0.4183479778553284
-1.3302412389447216
0.5646728798761551
hidden_1_weights
0.5292880082894508
-0.4183479778553284
0.5646728798761551
0.6589142364477579
0.7018618158543395
hidden_2_weights
0.5292880082894508
-1.3302412389447216
0.6589142364477579
-1.2229473709667986
1.9879010069460188
output_weights
-0.562228740390786
1.8455768863979733
-0.4108069530471017
0.7353176579669652
generation:84
hidden_0_weights
0.5292880082894508
1.3675151009792752
-0.4183479778553284
-1.3302412389447216
0.5646728798761551
hidden_1_weights
0.5292880082894508
-0.4183479778553284
0.5646728798761551
0.6589142364477579
0.7018618158543395
hidden_2_weights
0.5292880082894508
-1.3302412389447216
0.6589142364477579
-1.2229473709667986
1.9879010069460188
output_weights
-0.562228740390786
1.8455768863979733
-0.4108069530471017
0.7353176579669652
generation:85
hidden_0_weights
0.5292880082894508
1.3675151009792752
-0.4183479778553284
-1.3302412389447216
0.5646728798761551
hidden_1_weights
0.5292880082894508
-0.4183479778553284
0.5646728798761551
0.6589142364477579
0.7018618158543395
hidden_2_weights
0.5292880082894508
-1.3302412389447216
0.6589142364477579
-1.2229473709667986
1.9879010069460188
output_weights
-0.562228740390786
1.8455768863979733
-0.4108069530471017
0.7353176579669652
generation:86
hidden_0_weights
0.45258978468919975
1.1665060163720449
-0.7898506903985112
-1.0033064572816746
-1.0371901372464967
hidden_1_weights
0.45258978468919975
-0.7898506903985112
-1.0371901372464967
0.6421376416092697
0.5296283320134305
hidden_2_weights
0.45258978468919975
-1.0033064572816746
0.6421376416092697
-1.313394718026164
1.8644629314046952
output_weights
-0.664519524066244
1.8712951884343523
-0.6261987483661873
0.8275453801204311
