hidden_0_weights
1.5012782241173286
-1.4863688092194176
0.8294825955047619
-1.602504136560719
1.182819940419447
-1.4486105289617042
0.2684183175139627
1.4689295521340247
1.2026363536626732
hidden_1_weights
1.5012782241173286
0.8294825955047619
1.182819940419447
0.2684183175139627
1.2026363536626732
-1.536873321537644
-1.1269702672368995
0.18715454845021212
-0.6713344970791834
hidden_2_weights
1.5012782241173286
-1.602504136560719
0.2684183175139627
1.098421962126703
-1.1269702672368995
0.22763240207340713
0.9107816653818068
-1.6257591134645237
0.7704143286016233
hidden_3_weights
1.5012782241173286
1.182819940419447
1.2026363536626732
-1.1269702672368995
-0.6713344970791834
1.107843496230258
0.7704143286016233
-1.2308848796675607
1.2940954152054742
hidden_4_weights
1.5012782241173286
-1.4486105289617042
-1.536873321537644
0.22763240207340713
1.107843496230258
1.0386876040292372
-1.7490850443614518
-1.4733273632429478
-0.9757191015224743
hidden_5_weights
1.5012782241173286
0.2684183175139627
-1.1269702672368995
0.9107816653818068
0.7704143286016233
-1.7490850443614518
-0.1349805972132383
1.7125821730318462
1.1843639756852335
hidden_6_weights
1.5012782241173286
1.4689295521340247
0.18715454845021212
-1.6257591134645237
-1.2308848796675607
-1.4733273632429478
1.7125821730318462
-0.6464568665599524
0.9601334398767426
hidden_7_weights
1.5012782241173286
1.2026363536626732
-0.6713344970791834
0.7704143286016233
1.2940954152054742
-0.9757191015224743
1.1843639756852335
0.9601334398767426
-1.4381150033699885
hidden_8_weights
1.5012782241173286
1.098421962126703
0.9107816653818068
-0.3578280507628837
-0.1349805972132383
-0.21214082451366334
-0.33608776382934835
-0.20628209776001621
-1.6110115670236362
hidden_9_weights
1.5012782241173286
-1.536873321537644
1.107843496230258
-1.7490850443614518
-0.9757191015224743
-1.1016697035847245
0.4738936744161081
-0.5738710924799835
-1.5804443736434093
output_weights
0.5524509479808202
-1.0958332323990563
-1.4292954952941945
0.5677004230691319
-1.812499622348458
0.29324475289334784
0.8885181008079773
-1.3369906328730274
0.34367085249978113
1.413593992527397
-0.2758236114047302
